test_size,randomsearch_scoring,randomsearch_n_iter,randomsearch_rs,n_min_events,path2vocabulary,estimator,featurizer,subtrain_size,splitting_rs,decay,colname_demographics,n_demographics,brier_score_loss,roc_auc_score,accuracy_score,average_precision_score,train_brier_score_loss,train_roc_auc_score,train_accuracy_score,train_average_precision_score,n_person_raw,n_event_raw,n_person_subtrain,n_person_test,n_features,n_codes_raw,n_codes_featurizer,compute_time,pipeline_best_params,test_prevalence,train_prevalence,vocabulary
0.3,roc_auc,5,0,10,/export/home/cse210038/Matthieu/medical_embeddings_transfer/medem/../data/embeddings/cui2vec/cui2vec_first.parquet,hist_gradient_boosting,SNDS Embeddings + SVD,0.01,2,"[0, 7]","['discharge_type_source_value', 'discharge_to_source_value', 'destination_source_value', 'admission_reason_source_value', 'gender_source_value', 'age_to_inclusion_event_start']",6,0.1477815181173042,0.7288237556094699,0.8116842759477937,0.9173060694986159,0.0007388390743170693,1.0,1.0,1.0,25215,1089576,161,3218,306,2100,1987,0 days 00:00:03.503874,"{'histgradientboostingclassifier__max_leaf_nodes': 10, 'histgradientboostingclassifier__learning_rate': 0.1}",82.22498446239901,74.53416149068323,"['A01AB09', 'A01AB12', 'A02BA03', 'A02BC01', 'A02BC02', 'A02BC03', 'A02BC05', 'A02BX02', 'A03AA05', 'A03FA01', 'A03FA03', 'A047', 'A04AA01', 'A04AD12', 'A06AD11', 'A07AA02', 'A07AA11', 'A07AA12', 'A07AX03', 'A07DA03', 'A07EA06', 'A07EC01', 'A07XA04', 'A084', 'A090', 'A099', 'A10AB04', 'A10AE04', 'A10AE05', 'A10BA02', 'A10BB09', 'A10BB12', 'A10BF01', 'A10BH01', 'A10BH02', 'A10BH03', 'A10BJ02', 'A10BK01', 'A10BX02', 'A11CC03', 'A11CC06', 'A12AA03', 'A12BA05', 'A12CE02', 'A150', 'A162', 'A165', 'A180', 'A183', 'A310', 'A400', 'A403', 'A408', 'A411', 'A412', 'A414', 'A415', 'A418', 'A419', 'A46', 'A490', 'A498', 'A499', 'A514', 'A870', 'A879', 'B002', 'B005', 'B019', 'B01AA03', 'B01AA07', 'B01AB05', 'B01AB06', 'B01AB09', 'B01AB10', 'B01AC04', 'B01AC05', 'B01AC11', 'B01AC22', 'B01AC24', 'B01AD04', 'B01AE07', 'B01AF01', 'B01AF02', 'B01AX05', 'B023', 'B029', 'B02AA02', 'B03AA02', 'B03AD03', 'B03BB01', 'B03XA02', 'B05CB04', 'B05XA01', 'B05XA09', 'B169', 'B171', 'B178', 'B179', 'B181', 'B199', 'B238', 'B24+0', 'B24+9', 'B258', 'B349', 'B351', 'B368', 'B369', 'B372', 'B373', 'B374', 'B377', 'B378', 'B379', 'B441', 'B488', 'B49', 'B508', 'B509', 'B54', 'B86', 'B91', 'B950', 'B951', 'B952', 'B953', 'B954', 'B955', 'B957', 'B961', 'B962', 'B963', 'B964', 'B965', 'B966', 'B9688', 'B972', 'B978', 'C01AA05', 'C01BC03', 'C01BC04', 'C01BD01', 'C01CA03', 'C01CA07', 'C01CA17', 'C01DX08', 'C01DX12', 'C01DX16', 'C01EB17', 'C02CA01', 'C02CA06', 'C02KX01', 'C03AA03', 'C03BA11', 'C03CA01', 'C03CA02', 'C03DA01', 'C03DA04', 'C03DB01', 'C03XA01', 'C05CA03', 'C07AA05', 'C07AA07', 'C07AA12', 'C07AB02', 'C07AB03', 'C07AB04', 'C07AB07', 'C07AB08', 'C07AB12', 'C07AG01', 'C07AG02', 'C08CA01', 'C08CA02', 'C08CA04', 'C08CA05', 'C08CA06', 'C08CA13', 'C08DA01', 'C08DB01', 'C09AA01', 'C09AA02', 'C09AA03', 'C09AA04', 'C09AA05', 'C09AA10', 'C09CA01', 'C09CA03', 'C09CA04', 'C09CA06', 'C09CA07', 'C10AA01', 'C10AA03', 'C10AA04', 'C10AA05', 'C10AA07', 'C10AB05', 'C10AB08', 'C10AX09', 'C155', 'C159', 'C160', 'C161', 'C162', 'C169', 'C180', 'C182', 'C184', 'C186', 'C187', 'C19', 'C20', 'C211', 'C218', 'C220', 'C221', 'C229', 'C23', 'C241', 'C250', 'C251', 'C252', 'C257', 'C259', 'C329', 'C340', 'C341', 'C342', 'C343', 'C348', 'C349', 'C411', 'C414', 'C433', 'C435', 'C436', 'C437', 'C439', 'C440', 'C443', 'C444', 'C445', 'C446', 'C447', 'C449', 'C460', 'C492', 'C501', 'C502', 'C504', 'C505', 'C509', 'C519', 'C541', 'C56', 'C61', 'C629', 'C64', 'C65', 'C679', 'C710', 'C711', 'C712', 'C713', 'C719', 'C73', 'C770', 'C773', 'C774', 'C779', 'C780', 'C782', 'C786', 'C787', 'C792', 'C794', 'C795', 'C797', 'C798', 'C800', 'C819', 'C822', 'C829', 'C830', 'C831', 'C833', 'C851', 'C859', 'C880', 'C884', 'C900', 'C911', 'C920', 'C921', 'C931', 'D010', 'D012', 'D01AC03', 'D01BA02', 'D06BA01', 'D07AB08', 'D07AD01', 'D07XC01', 'D08AX07', 'D110', 'D120', 'D122', 'D123', 'D124', 'D125', 'D126', 'D128', 'D132', 'D134', 'D162', 'D180', 'D24', 'D250', 'D251', 'D252', 'D27', 'D291', 'D300', 'D320', 'D329', 'D330', 'D331', 'D333', 'D334', 'D34', 'D350', 'D351', 'D352', 'D361', 'D371', 'D374', 'D376', 'D377', 'D381', 'D391', 'D410', 'D420', 'D430', 'D431', 'D434', 'D441', 'D443', 'D45', 'D467', 'D469', 'D471', 'D472', 'D486', 'D508', 'D509', 'D510', 'D513', 'D518', 'D519', 'D520', 'D528', 'D529', 'D539', 'D561', 'D569', 'D571', 'D573', 'D599', 'D610', 'D619', 'D62', 'D630', 'D638', 'D648', 'D649', 'D65', 'D683', 'D685', 'D686', 'D688', 'D689', 'D690', 'D691', 'D692', 'D693', 'D695', 'D70', 'D71', 'D721', 'D728', 'D729', 'D735', 'D758', 'D763', 'D801', 'D819', 'D841', 'D849', 'D862', 'D868', 'D869', 'D890', 'D891', 'D892', 'E031', 'E032', 'E038', 'E039', 'E041', 'E042', 'E049', 'E050', 'E052', 'E058', 'E059', 'E063', 'E079', 'E100', 'E102', 'E103', 'E104', 'E105', 'E106', 'E107', 'E108', 'E139', 'E149', 'E160', 'E161', 'E162', 'E210', 'E211', 'E212', 'E213', 'E220', 'E221', 'E230', 'E232', 'E248', 'E249', 'E274', 'E281', 'E283', 'E43', 'E440', 'E441', 'E46', 'E538', 'E539', 'E54', 'E550', 'E559', 'E568', 'E611', 'E612', 'E631', 'E639', 'E65', 'E6604', 'E6605', 'E6606', 'E6607', 'E6624', 'E6625', 'E6626', 'E6627', 'E6683', 'E6684', 'E6685', 'E6686', 'E6687', 'E6693', 'E6694', 'E6695', 'E6696', 'E6697', 'E6699', 'E752', 'E755', 'E756', 'E781', 'E782', 'E784', 'E785', 'E788', 'E789', 'E790', 'E807', 'E831', 'E834', 'E8350', 'E8351', 'E8358', 'E840', 'E850', 'E854', 'E858', 'E86', 'E872', 'E873', 'E8750', 'E8758', 'E8760', 'E8768', 'E877', 'E878', 'E880', 'E881', 'E883', 'E890', 'F00041', 'F001', 'F00140', 'F00141', 'F00142', 'F002', 'F00200', 'F00201', 'F00202', 'F00242', 'F009', 'F00901', 'F00902', 'F01201', 'F01211', 'F019', 'F02200', 'F02201', 'F02832', 'F03', 'F04', 'F050', 'F058', 'F059', 'F067', 'F0670', 'F0671', 'F068', 'F069', 'F070', 'F072', 'F078', 'F100', 'F101', 'F102', 'F103', 'F106', 'F109', 'F112', 'F120', 'F122', 'F132', 'F142', 'F172', 'F179', 'F192', 'F200', 'F203', 'F208', 'F209', 'F220', 'F228', 'F229', 'F250', 'F259', 'F28', 'F29', 'F309', 'F310', 'F313', 'F314', 'F316', 'F317', 'F318', 'F319', 'F328', 'F329', 'F333', 'F338', 'F400', 'F4001', 'F410', 'F411', 'F412', 'F418', 'F419', 'F430', 'F431', 'F432', 'F439', 'F448', 'F450', 'F500', 'F508', 'F509', 'F510', 'F511', 'F515', 'F519', 'F603', 'F608', 'F609', 'F640', 'F688', 'F69', 'F711', 'F909', 'F99', 'G020', 'G02CX01', 'G030', 'G039', 'G03CA03', 'G03DA04', 'G048', 'G049', 'G04BD04', 'G04BD08', 'G04BD09', 'G04BD11', 'G04BE03', 'G04CA01', 'G04CA02', 'G04CA04', 'G04CB02', 'G051', 'G060', 'G08', 'G111', 'G114', 'G118', 'G122', 'G20', 'G219', 'G231', 'G250', 'G252', 'G253', 'G258', 'G259', 'G300', 'G301', 'G308', 'G309', 'G310', 'G312', 'G318', 'G319', 'G35', 'G400', 'G401', 'G403', 'G404', 'G405', 'G408', 'G409', 'G410', 'G419', 'G430', 'G431', 'G439', 'G440', 'G441', 'G442', 'G452', 'G454', 'G458', 'G459', 'G460', 'G463', 'G464', 'G471', 'G472', 'G473', 'G478', 'G500', 'G512', 'G518', 'G521', 'G528', 'G553', 'G560', 'G570', 'G600', 'G609', 'G610', 'G618', 'G621', 'G628', 'G629', 'G632', 'G638', 'G64', 'G708', 'G710', 'G711', 'G713', 'G724', 'G728', 'G800', 'G8100', 'G8101', 'G8108', 'G811', 'G819', 'G820', 'G821', 'G822', 'G825', 'G831', 'G832', 'G834', 'G838', 'G839', 'G902', 'G910', 'G911', 'G912', 'G92', 'G930', 'G931', 'G932', 'G934', 'G935', 'G936', 'G938', 'G950', 'G952', 'G958', 'G959', 'G971', 'G98', 'G990', 'G992', 'H01BA02', 'H01BB02', 'H01CB01', 'H01CB02', 'H020', 'H024', 'H02AA02', 'H02AB04', 'H02AB07', 'H03AA01', 'H03AA02', 'H03BA02', 'H03BB01', 'H04AA01', 'H05AA02', 'H05BX01', 'H160', 'H163', 'H185', 'H186', 'H200', 'H221', 'H250', 'H251', 'H258', 'H259', 'H260', 'H269', 'H280', 'H308', 'H330', 'H350', 'H358', 'H360', 'H401', 'H408', 'H409', 'H46', 'H492', 'H532', 'H534', 'H538', 'H539', 'H540', 'H541', 'H544', 'H545', 'H546', 'H55', 'H570', 'H571', 'H71', 'H729', 'H809', 'H810', 'H811', 'H813', 'H814', 'H900', 'H901', 'H902', 'H903', 'H905', 'H911', 'H919', 'H931', 'I050', 'I051', 'I059', 'I060', 'I061', 'I069', 'I110', 'I1100', 'I1109', 'I119', 'I120', 'I131', 'I139', 'I150', 'I151', 'I159', 'I200', 'I201', 'I208', 'I209', 'I248', 'I249', 'I250', 'I251', 'I252', 'I255', 'I256', 'I258', 'I259', 'I260', 'I269', 'I272', 'I278', 'I288', 'I308', 'I309', 'I319', 'I330', 'I340', 'I341', 'I348', 'I349', 'I350', 'I351', 'I358', 'I359', 'I361', 'I400', 'I408', 'I409', 'I420', 'I422', 'I428', 'I429', 'I431', 'I441', 'I446', 'I451', 'I455', 'I456', 'I458', 'I459', 'I469', 'I471', 'I472', 'I479', 'I480', 'I482', 'I483', 'I484', 'I489', 'I490', 'I494', 'I495', 'I498', 'I499', 'I500', 'I5000', 'I5001', 'I5002', 'I5009', 'I501', 'I5010', 'I5011', 'I5012', 'I5019', 'I509', 'I511', 'I513', 'I517', 'I519', 'I601', 'I607', 'I608', 'I609', 'I610', 'I611', 'I612', 'I615', 'I616', 'I618', 'I619', 'I629', 'I630', 'I631', 'I632', 'I633', 'I634', 'I635', 'I638', 'I639', 'I652', 'I660', 'I664', 'I671', 'I672', 'I673', 'I676', 'I678', 'I680', 'I690', 'I691', 'I693', 'I698', 'I7020', 'I7021', 'I710', 'I719', 'I720', 'I722', 'I726', 'I728', 'I730', 'I742', 'I743', 'I745', 'I771', 'I792', 'I800', 'I801', 'I802', 'I803', 'I808', 'I809', 'I81', 'I820', 'I822', 'I828', 'I829', 'I830', 'I831', 'I832', 'I839', 'I850', 'I859', 'I861', 'I871', 'I872', 'I878', 'I890', 'I891', 'I898', 'I951', 'I952', 'I958', 'I959', 'I982', 'I983', 'J010', 'J01AA12', 'J01CA04', 'J01CA12', 'J01CA17', 'J01CF02', 'J01CF04', 'J01DB04', 'J01DC01', 'J01DD01', 'J01DD02', 'J01DD04', 'J01DD08', 'J01DE01', 'J01DF01', 'J01DH02', 'J01DH03', 'J01FA02', 'J01FA09', 'J01GB01', 'J01MA12', 'J01XA01', 'J01XA02', 'J01XB01', 'J01XE01', 'J01XX01', 'J01XX08', 'J01XX09', 'J029', 'J02AA01', 'J02AC03', 'J02AC04', 'J02AX04', 'J02AX05', 'J039', 'J04AC01', 'J04AK01', 'J04AK02', 'J04BA02', 'J05AB14', 'J05AE03', 'J05AE10', 'J05AF01', 'J05AF05', 'J05AF07', 'J05AF10', 'J05AG03', 'J05AG04', 'J05AH02', 'J05AJ01', 'J05AX09', 'J09', 'J100', 'J101', 'J108', 'J110', 'J118', 'J123', 'J128', 'J129', 'J13', 'J14', 'J150', 'J151', 'J152', 'J154', 'J155', 'J156', 'J158', 'J159', 'J170', 'J171', 'J178', 'J181', 'J188', 'J189', 'J201', 'J206', 'J208', 'J209', 'J219', 'J320', 'J329', 'J342', 'J348', 'J350', 'J36', 'J380', 'J384', 'J411', 'J42', 'J431', 'J438', 'J439', 'J440', 'J441', 'J448', 'J449', 'J459', 'J46', 'J47', 'J690', 'J80', 'J81', 'J840', 'J841', 'J848', 'J849', 'J851', 'J852', 'J869', 'J90', 'J91', 'J930', 'J938', 'J939', 'J948', 'J951', 'J952', 'J958', 'J960', 'J961', 'J961+0', 'J961+1', 'J969', 'J980', 'J981', 'J982', 'J984', 'J985', 'J988', 'J991', 'J998', 'K010', 'K028', 'K029', 'K046', 'K047', 'K052', 'K070', 'K071', 'K072', 'K088', 'K089', 'K112', 'K120', 'K123', 'K137', 'K20', 'K210', 'K220', 'K221', 'K222', 'K227', 'K228', 'K250', 'K251', 'K254', 'K259', 'K291', 'K293', 'K294', 'K295', 'K296', 'K297', 'K298', 'K316', 'K317', 'K318', 'K352', 'K358', 'K36', 'K37', 'K402', 'K403', 'K409', 'K420', 'K429', 'K432', 'K439', 'K449', 'K469', 'K500', 'K501', 'K508', 'K509', 'K510', 'K513', 'K515', 'K518', 'K519', 'K521', 'K523', 'K528', 'K529', 'K550', 'K551', 'K552', 'K560', 'K562', 'K564', 'K566', 'K567', 'K571', 'K572', 'K573', 'K579', 'K590', 'K591', 'K592', 'K598', 'K603', 'K610', 'K612', 'K623', 'K627', 'K630', 'K631', 'K632', 'K648', 'K649', 'K650', 'K658', 'K659', 'K660', 'K661', 'K668', 'K700', 'K701', 'K703', 'K704', 'K709', 'K710', 'K712', 'K717', 'K719', 'K720', 'K721', 'K729', 'K746', 'K750', 'K752', 'K754', 'K758', 'K759', 'K760', 'K766', 'K768', 'K778', 'K800', 'K801', 'K803', 'K804', 'K810', 'K811', 'K830', 'K831', 'K833', 'K838', 'K850', 'K851', 'K858', 'K859', 'K860', 'K861', 'K861+8', 'K868', 'K910', 'K911', 'K912', 'K913', 'K914', 'K918', 'K920', 'K921', 'K922', 'L011', 'L01AA01', 'L01AX03', 'L01BC06', 'L01EA01', 'L01EA03', 'L01EB03', 'L01EC02', 'L01EJ01', 'L01EX10', 'L01XX35', 'L023', 'L024', 'L028', 'L029', 'L02BA01', 'L02BB03', 'L02BB04', 'L02BG03', 'L02BG04', 'L02BX03', 'L030', 'L032', 'L03AA02', 'L04AA06', 'L04AA10', 'L04AA13', 'L04AA18', 'L04AA29', 'L04AB02', 'L04AC03', 'L04AC07', 'L04AD02', 'L04AX01', 'L04AX03', 'L04AX04', 'L050', 'L088', 'L089', 'L120', 'L139', 'L208', 'L219', 'L270', 'L282', 'L298', 'L299', 'L303', 'L308', 'L309', 'L400', 'L405', 'L408', 'L409', 'L500', 'L509', 'L538', 'L539', 'L732', 'L80', 'L890', 'L891', 'L892', 'L893', 'L899', 'L905', 'L97', 'L984', 'L988', 'M01AE01', 'M02AA15', 'M03AC04', 'M03BA03', 'M03BX01', 'M03CA01', 'M04AA01', 'M04AA03', 'M04AB01', 'M04AC01', 'M053', 'M058', 'M059', 'M05BA08', 'M060', 'M064', 'M069', 'M100', 'M109', 'M112', 'M130', 'M145', 'M150', 'M159', 'M160', 'M161', 'M167', 'M169', 'M170', 'M171', 'M175', 'M179', 'M190', 'M199', 'M255', 'M311', 'M315', 'M316', 'M318', 'M321', 'M328', 'M329', 'M331', 'M349', 'M350', 'M358', 'M359', 'M419', 'M45', 'M480', 'M485', 'M500', 'M501', 'M502', 'M509', 'M511', 'M512', 'M518', 'M519', 'M531', 'M541', 'M543', 'M544', 'M545', 'M609', 'M625', 'M726', 'M750', 'M751', 'M755', 'M758', 'M791', 'M792', 'M796', 'M797', 'M800', 'M808', 'M809', 'M810', 'M818', 'M819', 'M907', 'M966', 'M993', 'N01AH03', 'N01AH06', 'N01AX03', 'N01AX10', 'N01BB09', 'N01BB10', 'N02AA01', 'N02AA03', 'N02AA05', 'N02AB03', 'N02AF02', 'N02AX02', 'N02BG06', 'N02CC03', 'N03AA02', 'N03AE01', 'N03AF01', 'N03AF02', 'N03AF04', 'N03AG01', 'N03AX09', 'N03AX11', 'N03AX12', 'N03AX14', 'N03AX15', 'N03AX16', 'N03AX18', 'N03AX23', 'N04AA01', 'N04AA02', 'N04BB01', 'N04BC05', 'N04BC09', 'N04BD02', 'N04BX02', 'N05AA01', 'N05AD01', 'N05AD08', 'N05AH01', 'N05AH02', 'N05AH03', 'N05AH04', 'N05AL03', 'N05AL05', 'N05AN01', 'N05AX08', 'N05AX12', 'N05BA01', 'N05BA04', 'N05BA06', 'N05BA08', 'N05BA09', 'N05BA11', 'N05BA12', 'N05BB01', 'N05BE01', 'N05CD06', 'N05CD08', 'N05CD11', 'N05CF01', 'N05CF02', 'N05CH01', 'N05CM18', 'N06AA04', 'N06AA09', 'N06AB03', 'N06AB04', 'N06AB05', 'N06AB06', 'N06AB08', 'N06AB10', 'N06AX03', 'N06AX11', 'N06AX14', 'N06AX16', 'N06AX21', 'N06BA07', 'N06BC01', 'N06BX03', 'N06DA03', 'N06DA04', 'N06DX01', 'N07AA02', 'N07BA01', 'N07BB03', 'N07BB04', 'N07BB05', 'N07BC02', 'N07CA01', 'N07XX02', 'N07XX06', 'N07XX08', 'N084', 'N085', 'N088', 'N10', 'N110', 'N111', 'N12', 'N130', 'N131', 'N132', 'N133', 'N135', 'N136', 'N141', 'N151', 'N170', 'N178', 'N179', 'N182', 'N183', 'N184', 'N189', 'N200', 'N202', 'N210', 'N280', 'N281', 'N288', 'N300', 'N304', 'N309', 'N311', 'N312', 'N318', 'N319', 'N328', 'N391', 'N393', 'N394', 'N40', 'N410', 'N433', 'N459', 'N46', 'N484', 'N62', 'N701', 'N733', 'N736', 'N751', 'N764', 'N800', 'N801', 'N802', 'N803', 'N804', 'N805', 'N808', 'N809', 'N812', 'N813', 'N816', 'N830', 'N832', 'N835', 'N841', 'N850', 'N872', 'N920', 'N921', 'N924', 'N938', 'N939', 'N941', 'N948', 'N950', 'N970', 'N971', 'N972', 'N978', 'N979', 'N981', 'N990', 'O001', 'O009', 'O021', 'O031', 'O034', 'O039', 'O100', 'O121', 'O13', 'O140', 'O141', 'O211', 'O219', 'O230', 'O235', 'O241', 'O244', 'O260', 'O261', 'O268', 'O283', 'O285', 'O300', 'O321', 'O342', 'O343', 'O363', 'O365', 'O366', 'O410', 'O420', 'O421', 'O470', 'O471', 'O48', 'O600', 'O601', 'O620', 'O621', 'O622', 'O623', 'O624', 'O662', 'O668', 'O680', 'O682', 'O691', 'O698', 'O700', 'O701', 'O714', 'O721', 'O730', 'O731', 'O752', 'O756', 'O864', 'O872', 'O925', 'O984', 'O990', 'O991', 'O992', 'O993', 'O994', 'O995', 'O998', 'P01AB01', 'P01AX06', 'P01BE03', 'P01CX01', 'P02CA03', 'P02CF01', 'Q070', 'Q211', 'Q273', 'Q282', 'Q612', 'Q780', 'Q850', 'Q874', 'R000', 'R001', 'R002', 'R008', 'R011', 'R01AD11', 'R01AD12', 'R01AX06', 'R02', 'R03AC12', 'R03AC13', 'R03AC18', 'R03BB01', 'R03BB04', 'R03CC12', 'R03DC03', 'R040', 'R042', 'R048', 'R05', 'R05DA04', 'R060', 'R064', 'R065', 'R066', 'R068', 'R06AB02', 'R06AE07', 'R06AE09', 'R06AX22', 'R06AX26', 'R06AX27', 'R06AX29', 'R071', 'R072', 'R073', 'R074', 'R090', 'R091', 'R093', 'R100', 'R102', 'R11', 'R12', 'R13', 'R15', 'R160', 'R161', 'R18', 'R190', 'R195', 'R201', 'R202', 'R208', 'R251', 'R252', 'R258', 'R260', 'R261', 'R262', 'R2630', 'R2638', 'R268', 'R278', 'R296', 'R298', 'R300', 'R31', 'R32', 'R33', 'R34', 'R35', 'R391', 'R400', 'R4018', 'R4020', 'R411', 'R412', 'R413', 'R418', 'R42', 'R430', 'R440', 'R441', 'R443', 'R451', 'R452', 'R453', 'R454', 'R458', 'R460', 'R462', 'R464', 'R4700', 'R4701', 'R4702', 'R471', 'R478', 'R482', 'R490', 'R508', 'R509', 'R51', 'R5218', 'R522', 'R53+1', 'R53+2', 'R54+0', 'R55', 'R568', 'R570', 'R571', 'R572', 'R578', 'R579', 'R58', 'R590', 'R591', 'R600', 'R619', 'R630', 'R633', 'R635', 'R64', 'R652', 'R688', 'R730', 'R739', 'R740', 'R748', 'R778', 'R798', 'R799', 'R80', 'R900', 'R91', 'R933', 'R935', 'R942', 'R943', 'S000', 'S001', 'S008', 'S009', 'S010', 'S011', 'S012', 'S015', 'S018', 'S019', 'S01AA21', 'S01AA26', 'S01AX07', 'S01EA05', 'S01EC01', 'S01EC03', 'S01EC04', 'S01ED05', 'S01EE01', 'S01EE03', 'S01EE04', 'S01FA01', 'S01FA06', 'S01KA02', 'S02AA16', 'S060', 'S061', 'S062', 'S063', 'S064', 'S065', 'S066', 'S068', 'S069', 'S099', 'S202', 'S273', 'S300', 'S301', 'S302', 'S311', 'S360', 'S361', 'S364', 'S368', 'S370', 'S390', 'S400', 'S411', 'S430', 'S500', 'S510', 'S518', 'S519', 'S531', 'S602', 'S610', 'S611', 'S618', 'S619', 'S644', 'S661', 'S663', 'S697', 'S700', 'S701', 'S711', 'S730', 'S750', 'S759', 'S800', 'S801', 'S810', 'S818', 'S819', 'S835', 'S860', 'S910', 'S913', 'S934', 'T181', 'T405', 'T432', 'T439', 'T509', 'T510', 'T58', 'T598', 'T650', 'T652', 'T68+0', 'T68+8', 'T784', 'T794', 'T797', 'T801', 'T802', 'T810', 'T811', 'T812', 'T8138', 'T814', 'T817', 'T818', 'T820', 'T825', 'T828', 'T830', 'T831', 'T840', 'T841', 'T845', 'T846', 'T847', 'T857', 'T875', 'T887', 'T888', 'T889', 'U049', 'U119', 'U900', 'U909', 'V03AB15', 'V03AC02', 'V03AC03', 'V03AE01', 'V03AE02', 'V03AF07', 'V03AN01', 'V299', 'V892', 'V99', 'Y408', 'Y442', 'Y443', 'Y495', 'Y579', 'Y600', 'Y831', 'Y832', 'Y834', 'Y836', 'Y838', 'Y842', 'Y848', 'Y911', 'Y912', 'Y95', 'Z000', 'Z005', 'Z006', 'Z015', 'Z018', 'Z019', 'Z029', 'Z031', 'Z038', 'Z042', 'Z080', 'Z081', 'Z082', 'Z087', 'Z088', 'Z089', 'Z090', 'Z092', 'Z093', 'Z097', 'Z098', 'Z099', 'Z115', 'Z139', 'Z208', 'Z21', 'Z223', 'Z227', 'Z228', 'Z238', 'Z258', 'Z269', 'Z274', 'Z290', 'Z298', 'Z300', 'Z302', 'Z308', 'Z33', 'Z348', 'Z351', 'Z352', 'Z357', 'Z358', 'Z359', 'Z370', 'Z372', 'Z3908', 'Z391', 'Z411', 'Z420', 'Z421', 'Z422', 'Z430', 'Z431', 'Z432', 'Z433', 'Z434', 'Z436', 'Z451', 'Z452', 'Z460', 'Z466', 'Z467', 'Z468', 'Z470', 'Z480', 'Z491', 'Z513', 'Z5130', 'Z515', 'Z519', 'Z524', 'Z530', 'Z532', 'Z538', 'Z539', 'Z590', 'Z5918', 'Z5968', 'Z5970', 'Z5978', 'Z598', 'Z599', 'Z6020', 'Z6028', 'Z608', 'Z609', 'Z630', 'Z632', 'Z633', 'Z634', 'Z637', 'Z653', 'Z658', 'Z659', 'Z711', 'Z713', 'Z716', 'Z717', 'Z718', 'Z719', 'Z720', 'Z724', 'Z733', 'Z740', 'Z741', 'Z742', 'Z743', 'Z748', 'Z749', 'Z751', 'Z753', 'Z763', 'Z803', 'Z804', 'Z824', 'Z833', 'Z834', 'Z843', 'Z880', 'Z881', 'Z886', 'Z888', 'Z894', 'Z896', 'Z900', 'Z901', 'Z902', 'Z903', 'Z904', 'Z905', 'Z907', 'Z910', 'Z930', 'Z931', 'Z932', 'Z933', 'Z940', 'Z941', 'Z944', 'Z945', 'Z94804', 'Z950', 'Z952', 'Z953', 'Z954', 'Z9580', 'Z978', 'Z990', 'Z991', 'Z991+0', 'Z991+1', 'Z992', 'Z993', 'Z998', 'Z999']"
