test_size,randomsearch_scoring,randomsearch_n_iter,randomsearch_rs,n_min_events,estimator,featurizer,subtrain_size,splitting_rs,colname_demographics,n_demographics,brier_score_loss,roc_auc_score,accuracy_score,average_precision_score,train_brier_score_loss,train_roc_auc_score,train_accuracy_score,train_average_precision_score,n_person_raw,n_event_raw,n_person_after_split,n_person_subtrain,n_person_test,n_features,test_sparsity,subtrain_sparsity,n_codes,compute_time,pipeline_best_params,test_prevalence,train_prevalence,vocabulary
0.3,roc_auc,5,0,10,hist_gradient_boosting,Train Embeddings,0.4,1,"['discharge_type_source_value', 'discharge_to_source_value', 'destination_source_value', 'admission_reason_source_value', 'gender_source_value', 'age_to_inclusion_event_start']",6,0.08189644319661203,0.9236434861434861,0.8816034804226227,0.9813534682243341,0.03179490544670549,0.9949179997991893,0.9641638225255973,0.9984866861691585,25215,1089576,19335,6446,3218,66,0.3021752641392169,0.30314923983865966,4734,0 days 00:00:50.219118,"{'histgradientboostingclassifier__max_leaf_nodes': 20, 'histgradientboostingclassifier__learning_rate': 0.1}",82.22498446239901,77.52094322060192,['N02BE01' 'B01AB05' 'Non Renseigné' ... 'B199' 'CBMA001' 'F00201']
