test_size,randomsearch_scoring,randomsearch_n_iter,randomsearch_rs,n_min_events,estimator,featurizer,subtrain_size,splitting_rs,colname_demographics,n_demographics,brier_score_loss,roc_auc_score,accuracy_score,average_precision_score,train_brier_score_loss,train_roc_auc_score,train_accuracy_score,train_average_precision_score,n_person_raw,n_event_raw,n_person_after_split,n_person_subtrain,n_person_test,n_features,test_sparsity,subtrain_sparsity,n_codes,compute_time,pipeline_best_params,test_prevalence,train_prevalence,vocabulary
0.3,roc_auc,5,0,10,random_forests,Count Encoding + SVD,0.7000000000000001,2,"['discharge_type_source_value', 'discharge_to_source_value', 'destination_source_value', 'admission_reason_source_value', 'gender_source_value', 'age_to_inclusion_event_start']",6,0.13439809954156837,0.7077350559493416,0.8266003729024238,0.9151257938874898,0.023566570963488864,0.9997937161656929,0.9879443311763142,0.9999437846767191,25215,1089576,19335,11281,3218,9474,0.9972263380125997,0.9973763513296151,4734,0 days 00:01:17.391321,"{'randomforestclassifier__n_estimators': 100, 'randomforestclassifier__min_samples_leaf': 2}",82.22498446239901,78.39730520343942,['N02BE01' 'B01AB05' 'Non Renseigné' ... 'B199' 'CBMA001' 'F00201']
