test_size,randomsearch_scoring,randomsearch_n_iter,randomsearch_rs,n_min_events,estimator,featurizer,subtrain_size,splitting_rs,colname_demographics,n_demographics,brier_score_loss,roc_auc_score,accuracy_score,average_precision_score,train_brier_score_loss,train_roc_auc_score,train_accuracy_score,train_average_precision_score,n_person_raw,n_event_raw,n_person_after_split,n_person_subtrain,n_person_test,n_features,test_sparsity,subtrain_sparsity,n_codes,compute_time,pipeline_best_params,test_prevalence,train_prevalence,vocabulary
0.3,roc_auc,5,0,10,hist_gradient_boosting,SNDS Embeddings,0.7000000000000001,3,"['discharge_type_source_value', 'discharge_to_source_value', 'destination_source_value', 'admission_reason_source_value', 'gender_source_value', 'age_to_inclusion_event_start']",6,0.07968844787235176,0.9157393532393533,0.8912367930391547,0.9778043398263967,0.032085183230491095,0.9909555752569815,0.9643648612711639,0.9971906432208777,25215,1089576,19335,11281,3218,306,0.0,0.000709156989628579,4265,0 days 00:00:42.710586,"{'histgradientboostingclassifier__max_leaf_nodes': 20, 'histgradientboostingclassifier__learning_rate': 0.1}",82.22498446239901,78.29093165499512,"['G09', 'ECQH010', 'A410', 'N46', 'JDLE332', 'ZZQL019', 'DEMP002', 'Z4788', 'M05BB03', 'S01GX01', 'EDFA007', 'S8290', 'C931', 'MCCA011', 'S5210', 'R01AD07', 'JQQP001', 'JKNE001', 'K317', 'B029', 'NGQK002', 'C549', 'HLHJ006', 'DEQF004', 'FCFA008', 'J05AE10', 'Z5913', 'E102', 'E040', 'C771', 'J440', 'M8646', 'J961', 'EDSF015', 'ZZJH003', 'F603', 'E785', 'K270', 'S01EE01', 'Z716', 'EZAF001', 'J110', 'S01EE03', 'ZZQN001', 'Z861', 'N856', 'I711', 'JDDB005', 'I270', 'FELF011', 'F10202', 'GEJE003', 'D07AC06', 'ACQJ002', 'JKFE002', 'R391', 'O285', 'K500', 'HFCC001', 'DEPF005', 'I673', 'C502', 'F909', 'DEFA002', 'E1158', 'I971', 'A10AE05', 'E109', 'E103', 'JNMD001', 'J869', 'DBMA011', 'ZZMK018', 'F1030', 'ACQL002', 'Z411', 'J441', 'MEKA008', 'EPLF005', 'M145', 'C162', 'JQGD012', 'EBFA008', 'K296', 'I618', 'DCJA001', 'G959', 'DDAF008', 'DERP005', 'Z488', 'AAQP007', 'R739', 'I2198', 'R01AD11', 'K254', 'I272', 'C189', 'JKDC001', 'MBCA006', 'DELF011', 'I745', 'Z886', 'D860', 'HFFC001', 'M02AA17', 'AAJA004', 'HLHJ005', 'HFLH001', 'HHFE002', 'K295', 'I610', 'F608', 'B01AE07', 'NJPA025', 'K862', 'ZZQX188', 'N40', 'EBQM900', 'Y831', 'R208', 'N02CC03', 'JVQF006', 'K072', 'G114', 'A46', 'S4280', 'BGFA010', 'FCQX028', 'M1904', 'N110', 'C08CA06', 'U900', 'GFFA009', 'O244', 'J348', 'QAJA006', 'S01BC04', 'GEQE002', 'DBMA002', 'K649', 'DZQM006', 'ZZQX034', 'T188', 'B953', 'AHLB012', 'F1722', 'FCFA012', 'S01CA01', 'DGLF001', 'DBKA011', 'C09BA02', 'N47', 'JAQL002', 'T831', 'F00902', 'O998', 'F229', 'B86', 'GBPE001', 'K565', 'LBFA030', 'JEQD001', 'MAQK003', 'N06AX14', 'DBKA010', 'M5446', 'E568', 'G518', 'R32', 'Z542', 'I308', 'Z803', 'C341', 'G700', 'D869', 'E104', 'R03AK06', 'EELF002', 'JJFC003', 'J01DD08', 'EJFA002', 'R454', 'GFFA013', 'M966', 'Q612', 'D680', 'L282', 'M755', 'M7961', 'LAMA007', 'C519', 'JKQX004', 'Z7588', 'ZZNL051', 'Z896', 'Z8701', 'Z087', 'E639', 'I255', 'S3250', 'AHLB015', 'HFDC002', 'C03DB01', 'GLQP010', 'ZZQL018', 'C01CA17', 'R392', 'J9619', 'R571', 'J47', 'M4135', 'J01DH02', 'S8200', 'EDSF014', 'HSLD002', 'S618', 'J05AF05', 'Y834', 'ZZLP030', 'R490', 'MJPA009', 'I864', 'DKRP004', 'QZFA007', 'J05AR02', 'NCCA017', 'K922', 'F339', 'A12CC08', 'N05AC01', 'H03AA02', 'DGKA001', 'C340', 'J219', 'K911', 'D27', 'S0681', 'N200', 'Z991', 'K659', 'A03AX12', 'K529', 'J154', 'S010', 'JAHJ006', 'DFQH001', 'Z470', 'EQQM006', 'F03', 'ZCQJ003', 'M750', 'CBMD001', 'M480', 'S3610', 'S01XA02', 'K709', 'LFMP001', 'K36', 'E872', 'C155', 'Z926', 'QZQX021', 'S8280', 'L02BG04', 'M2550', 'H260', 'J9601', 'C02AC06', 'DDAF006', 'Z5918', 'EBFA009', 'J01DH51', 'JEPD002', 'G406', 'HPPA003', 'O009', 'I491', 'R06AX26', 'DDMA008', 'F230', 'ZZQX153', 'DAQL009', 'F078', 'S01AX07', 'Z991+0', 'HMQH003', 'B59', 'H03BA02', 'CBPA002', 'M4856', 'S01BA01', 'E031', 'I509', 'QZMA005', 'Z717', 'NEKA020', 'Z742', 'E1178', 'EAQH002', 'R065', 'ELQM001', 'C329', 'R42', 'JVJF002', 'K567', 'M009', 'F00140', 'M255', 'JPQX007', 'HGQD002', 'S663', 'Z273', 'F122', 'L050', 'N03AX18', 'L04AD01', 'B9688', 'AFFA007', 'Z3711', 'ZZJJ008', 'G248', 'QZFA011', 'KDQA001', 'R296', 'ACQH003', 'E6693', 'LMMA006', 'J931', 'C01CA24', 'AMQP014', 'NEEP007', 'Z490', 'O241', 'K598', 'K122', 'I776', 'Z032', 'EBFA012', 'CBMA001', 'JKQX007', 'M01AB05', 'O001', 'B238', 'S01ED01', 'D126+8', 'J01FA10', 'F9800', 'F01932', 'D320', 'J209', 'C772', 'Z598', 'MGQK001', 'K910', 'E6691', 'F0671', 'J991', 'EQLF002', 'J01CA04', 'N111', 'K921', 'HHQE003', 'M4782', 'Z8711', 'N484', 'B179', 'C01DA08', 'M8627', 'S069', 'I615', 'K025', 'E281', 'Y423', 'C02AC01', 'D45', 'R270', 'M4786', 'HLQX004', 'C07BB07', 'F3211', 'PDHA001', 'Z274', 'K592', 'M2545', 'B378', 'GGJB002', 'N06AB04', 'O48', 'L539', 'JKDC015', 'ZCQC002', 'Z718', 'M311', 'C189+0', 'S611', 'HHJE001', 'R05', 'J01MA06', 'M8055', 'R653', 'O872', 'HBJD001', 'DAQL014', 'NZFA005', 'C01AA05', 'I872', 'G259', 'R05DA04', 'R591', 'MEEA004', 'N183', 'M171', 'J05AB14', 'N04BC09', 'M130', 'GAQE001', 'M2116', 'G405', 'H46', 'EZSA004', 'Z851', 'J05AF10', 'D471', 'ZZQP004', 'JGFA006', 'G710', 'R000', 'N281', 'S3240', 'G10', 'M5459', 'Q211', 'O13', 'S01ED51', 'R298', 'B966', 'K760', 'QZFA036', 'F03+30', 'J01FA09', 'F432', 'S8230', 'I489', 'I7021', 'ZBQC001', 'E105', 'X849', 'K859', 'Z005', 'JHJA001', 'BLQP010', 'G419', 'H729', 'Z512', 'AHLB011', 'L303', 'EMQH001', 'JAFC005', 'C55', 'G902', 'YYYY062', 'M4712', 'N049', 'H308', 'Z6020', 'HHFA025', 'S7230', 'R520', 'JDQM001', 'ECSF004', 'N972', 'JGFA014', 'E440', 'ZZQX170', 'N03AG01', 'J01DE01', 'V031', 'DKMD001', 'I2120', 'M5417', 'N07AA02', 'L089', 'I809', 'JHQA002', 'J938', 'B171', 'J01CF02', 'Z081', 'A05AA02', 'JCPC002', 'MZLB001', 'C811', 'Z634', 'JQQJ037', 'S2250', 'K754', 'EQQM003', 'J448', 'D682', 'JDDB007', 'A498', 'N911', 'N04BD02', 'EBHA001', 'A412', 'E1100', 'D610', 'K704', 'M5456', 'J01DF01', 'S930', 'EZQA001', 'Z354', 'ECQM002', 'O668', 'ZCQM008', 'L04AA06', 'M160', 'O752', 'M796', 'Q282', 'ACQP002', 'EEPF001', 'M1000', 'F179', 'YYYY015', 'I428', 'D469', 'M502', 'DHLF001', 'ZZLP042', 'GLQD007', 'ACQK001', 'B181', 'F1026', 'H902', 'JCPA001', 'ELSA002', 'M0006', 'M8098', 'I517', 'QBFA003', 'N05BA05', 'JKFA026', 'GLHF001', 'I2108', 'JJEC001', 'JJQX005', 'O420', 'G9788', 'LDQK001', 'G452', 'JMPA001', 'N921', 'M0580', 'S301', 'N07XX06', 'Z04802', 'LMMA009', 'I982', 'C03BA11', 'JKFC001', 'J171', 'K070', 'O701', 'V892', 'U822+0', 'F03+0', 'N05BA21', 'I139', 'S2230', 'LHQN002', 'GFFC005', 'JHLA004', 'S0270', 'Z921', 'Z000', 'J05AE03', 'V03AE01', 'JDQX002', 'S358', 'Z505', 'L299', 'D758', 'HFFA009', 'S0260', 'N189', 'B956', 'O681', 'O623', 'E6600', 'I256', 'C795', 'M8195', 'JQQM002', 'N05AH03', 'G02CB03', 'D331', 'Z633', 'M45+0', 'D01AE14', 'H251', 'S060', 'NAQK023', 'GELE001', 'B01AX05', 'B369', 'D251', 'D430', 'O811', 'H471', 'Y575', 'L04AX01', 'T811', 'R002', 'ZZQX092', 'S000', 'J06BB02', 'ZZQL020', 'ZZLP025', 'MZQK004', 'P02CA03', 'K291', 'S7290', 'Z733', 'S0220', 'N390', 'M4950', 'D128', 'O624', 'P01BB51', 'J848', 'C710', 'G04BD08', 'K835', 'E1110', 'Z532', 'R5218', 'N06AB05', 'A02BC03', 'S2730', 'K293', 'M01AE01', 'M8617', 'S4200', 'D300', 'W018', 'JQGD010', 'O049', 'HMQH007', 'KDQL001', 'C786', 'R778', 'S9230', 'J101', 'YYYY260', 'A03BB01', 'HEQH002', 'T509', 'F01211', 'ZZLJ002', 'ZZQX027', 'M6250', 'I691', 'MJCA012', 'Z098', 'QZJA009', 'JGFE365', 'A10BH01', 'I446', 'I829', 'E789', 'HHFA008', 'F688', 'NCCA016', 'I440', 'GFFC002', 'NDPA004', 'NEJA001', 'L409', 'Z238', 'DDQH013', 'C505', 'Z139', 'R522', 'FAFA014', 'M2441', 'NBCB004', 'N04BA03', 'O821', 'HAHD003', 'E611', 'KCFA008', 'HLQM001', 'R4701', 'N03AG02', 'L309', 'MEMA005', 'L04AX03', 'G910', 'B379', 'T825', 'AZQP001', 'HMGE002', 'MBCB002', 'M190', 'I442', 'N920', 'ZCQJ005', 'E46', 'NFQK001', 'EECA009', 'EGSF002', 'ZCQJ002', 'C348', 'ZZQX192', 'S364', 'Z082', 'L308', 'K010', 'S0210', 'Z637', 'I690', 'JAFA015', 'N178', 'Z258', 'J01CR02', 'J14', 'G03DA04', 'T391', 'A06AD65', 'DCJB001', 'I839', 'ECCA004', 'HJQD001', 'L892', 'J05AF01', 'S701', 'JJFA004', 'H02AB01', 'Z5101', 'F03+42', 'F10240', 'B01AA03', 'Z4580', 'LHQK001', 'HHCA002', 'S4240', 'I660', 'HLNM001', 'R160', 'G312', 'Z018', 'H911', 'C185', 'K746', 'H03BB01', 'B01AA07', 'S2710', 'NJAA001', 'NAQK071', 'Z514', 'I480', 'E149', 'F00041', 'Z360', 'X640', 'ZZQX128', 'MHMP007', 'ZCQK002', 'M8000', 'D351', 'K712', 'LJQK001', 'Z5130', 'Z76880', 'F00011', 'C08CA11', 'F00212', 'M800', 'Z741', 'MDCB003', 'JLDC015', 'QZMA002', 'N06AX11', 'JCLE001', 'HMFA007', 'M45', 'R01AD09', 'I831', 'R03BA02', 'M758', 'N05AL03', 'JANE002', 'E8350', 'YYYY245', 'FDHB006', 'HLFC003', 'Z85802', 'NZHH004', 'M5447', 'F1003', 'HPPC002', 'Z967', 'C440', 'K046', 'D420', 'YYYY012', 'D06AX01', 'E1170', 'O813', 'S759', 'R05X', 'H810', 'M112', 'S0600', 'DGQH001', 'D528', 'JKGD002', 'EEJF001', 'C851', 'G310', 'JQQM016', 'K221', 'BDMA008', 'M321', 'CBFA006', 'D162', 'K2381', 'G458', 'R260', 'L02BB03', 'YYYY026', 'DEQF005', 'J450', 'M511', 'H02AB04', 'GGHB001', 'M328', 'L01AA01', 'I408', 'HHQX010', 'NEKA009', 'T181', 'A10AB05', 'ELQH002', 'J206', 'J96111', 'G439', 'GLLP006', 'S068', 'S2220', 'G051', 'F028', 'M671', 'I607', 'J36', 'S01ED05', 'W180', 'H901', 'EEAF006', 'A10AE04', 'Z5978', 'HLQX013', 'D259', 'G801', 'LFDA001', 'HHFA002', 'H358', 'Z8740', 'D539', 'W060', 'L732', 'K802', 'Z905', 'C504', 'G20', 'B377', 'Z450', 'GEQE013', 'JPGD001', 'N02AA03', 'E631', 'M5437', 'O680', 'N07BA01', 'BGMA002', 'W019', 'C790', 'FDHB001', 'LHHH003', 'LFAA002', 'E1180', 'M625', 'I633', 'JNBD001', 'H813', 'M8095', 'N05AX08', 'H814', 'P01CX01', 'C65', 'Z991+1', 'D735', 'D690', 'FELF004', 'Z719', 'H05BX01', 'LDAA001', 'I2140', 'E756', 'E784', 'GLQP008', 'JGFA005', 'M819', 'F104', 'J189', 'C08CA04', 'DDQF202', 'ZZMP012', 'DERP003', 'S8220', 'ABCA002', 'B05BC01', 'S01EC03', 'QZJA001', 'I632', 'R430', 'C07AB03', 'GLLD018', 'K625', 'EBQF004', 'B509', 'G04CX01', 'F106', 'C539', 'CDQP015', 'R601', 'Z480', 'I251', 'KGQL003', 'R06AE07', 'JKFA006', 'R074', 'JAFC006', 'JDQE001', 'C169', 'R258', 'K551', 'I801', 'B370', 'U83711', 'LJJA001', 'S018', 'HAQX017', 'H538', 'I612', 'A06AD15', 'R102', 'K251', 'T801', 'YYYY400', 'HFFC018', 'Z8670', 'O691', 'MZQH002', 'Z8520', 'AGMA001', 'T598', 'R630', 'J96101', 'N700', 'FCQX012', 'FEJF002', 'GDQE004', 'ZZHJ020', 'QZJA023', 'FCQX011', 'F100', 'C780', 'JKHD001', 'K429', 'M01AH01', 'Z903', 'FCQX005', 'A01AB09', 'L984', 'EDSF012', 'I7020', 'M170', 'N872', 'G510', 'M7979', 'B91', 'K112', 'FCQX006', 'D02AB', 'JKFE001', 'GLQD003', 'S7240', 'HLHJ003', 'HHQE005', 'MJFA018', 'EEAF003', 'LGQK001', 'K028', 'LHCA016', 'F69', 'GERD001', 'FCFA020', 'T913', 'Z724', 'V299', 'T68+0', 'L02AB01', 'N05BA04', 'M059', 'M2506', 'J05AF07', 'J01FG01', 'N808', 'C09AA04', 'PBQM001', 'B05XC', 'D462', 'GFQM001', 'R634', 'FEJF004', 'F321', 'F002', 'F1007', 'LFQK001', 'K590', 'AAQP012', 'YYYY220', 'Z348', 'JDJD001', 'Q613', 'JKFC004', 'S01AX16', 'D125', 'E210', 'G638', 'R529', 'F310', 'YYYY290', 'Z5100', 'B24+1', 'G610', 'H809', 'L088', 'HMLE002', 'C4958', 'N05CF02', 'JJPC003', 'I500', 'I420', 'E220', 'C798', 'T905', 'AHPC001', 'NEKA006', 'D123', 'N816', 'I81', 'B03XA02', 'AHPA022', 'B03AA02', 'S015', 'H353', 'ENLF001', 'BGQP009', 'CBFA002', 'HPFA003', 'Y443', 'I248', 'A12BA01', 'HLHH005', 'F102', 'ZZQX162', 'E212', 'D410', 'AHQB024', 'C169+8', 'J01DD04', 'YYYY180', 'NCCA012', 'A11BA', 'E213', 'JKFA015', 'L930', 'E042', 'E881', 'R268', 'YYYY115', 'S1220', 'G400', 'MFQK002', 'LAEP002', 'F3210', 'J988', 'D599', 'Y545', 'K803', 'LAQK002', 'YYYY028', 'Z94802', 'YYYY006', 'N805', 'S2701', 'J118', 'NBCA001', 'C10AA01', 'F1001', 'D71', 'N44', 'S913', 'Z6028', 'G831', 'J07BB02', 'ZANL001', 'A165', 'H02AB07', 'D688', 'HMGE001', 'S011', 'I803', 'D431', 'I483', 'AHPA017', 'BDMA006', 'J01FA01', 'K518', 'EDSF003', 'M501', 'K510', 'J201', 'R104', 'O721', 'C09AA01', 'PZMP001', 'Z291', 'EBQJ001', 'M5422', 'FELF006', 'NBCA002', 'C08DB01', 'AHRP001', 'QEQK001', 'S001', 'B01AB01', 'Z85805', 'GLLD005', 'PAFA010', 'K628', 'LHQK007', 'DAHF001', 'HHQX005', 'LFFA002', 'G35', 'M4316', 'C221', 'J01RA04', 'EASF012', 'Z804', 'F317', 'H545', 'F171', 'R418', 'N03AX12', 'A06AX02', 'K750', 'GEQE004', 'LBCA001', 'E8351', 'J151', 'S065', 'LCJA002', 'K603', 'G430', 'I208', 'K759', 'A415', 'S01GX02', 'N393', 'J840', 'S270', 'A10BA02', 'K250', 'B955', 'T08+0', 'E1198', 'PAQL003', 'T875', 'F411', 'Z312', 'GLLD008', 'QBFA008', 'B909', 'R798', 'AAQP006', 'C23', 'S7220', 'Z94804', 'C251', 'JMPA006', 'I498', 'A03FA03', 'QZMA001', 'F03+41', 'J07AM01', 'B373', 'S700', 'J156', 'W190', 'C439', 'NCCA002', 'N06AA09', 'D630', 'HHFA006', 'M810', 'K913', 'J410', 'G838', 'LBPA042', 'Z089', 'L01XX35', 'M03BA03', 'C774', 'Z924', 'K523', 'EQQP012', 'M1126', 'ZZNL054', 'Z21', 'DZQJ001', 'E141', 'C159', 'JGFC001', 'NZFA004', 'N07BB03', 'E139', 'B01AC04', 'Z599', 'O039', 'D70', 'Z863', 'GLQD004', 'J960', 'R03AC18', 'N05AD01', 'M809', 'H160', 'ZCQM001', 'B508', 'C07AB04', 'CDQP010', 'S7270', 'H492', 'N800', 'D01AC60', 'O662', 'O756', 'F10200', 'AHQB001', 'G410', 'F900', 'Z035', 'C911', 'R03AC13', 'LHQN001', 'BGQP006', 'K029', 'I313', 'E8358', 'ZZML003', 'N05AH04', 'Z960', 'N701', 'JAEA003', 'JAQM002', 'J01MA12', 'Y838', 'I712', 'JAQM004', 'LEQK001', 'W010', 'LJQK002', 'I771', 'FCFA006', 'QZJA016', 'S9290', 'J158', 'A07XA04', 'YYYY420', 'M519', 'M8415', 'F17240', 'O620', 'D519', 'R201', 'LEQK002', 'D819', 'F1720', 'ZZHJ007', 'R101', 'R202', 'B002', 'F1225', 'M01AE03', 'K519', 'J02AA01', 'S0660', 'JDQD002', 'I493', 'S300', 'Z042', 'A02BX02', 'C449', 'Z290', 'K358', 'S9200', 'C411', 'D01BA02', 'JKFA028', 'ALQP004', 'N185', 'DBMA003', 'E230', 'R03BB04', 'C183', 'HPFC001', 'YYYY172', 'DHSF001', 'R443', 'Z945', 'T439', 'HSLD001', 'C447', 'NGMP001', 'F401', 'R412', 'L80', 'DEPF033', 'D696', 'ZZLP012', 'JDQE003', 'C830', 'DEMP001', 'A162', 'R03DC03', 'M1905', 'R51', 'L024', 'F711', 'JVRP004', 'J152', 'JDQD008', 'S6280', 'QEMA013', 'M4180', 'K591', 'C07AB02', 'G04CA01', 'ZBQK002', 'ACQN001', 'O342', 'J90', 'C09DA03', 'Z981', 'F00102', 'M01AX25', 'N132', 'S2200', 'S0640', 'LMGA001', 'ANRP001', 'B24+9', 'B02AA02', 'ZZQX122', 'B99+1', 'Z894', 'E86', 'FELF003', 'I10', 'Z33', 'C10AX09', 'K700', 'F605', 'M62898', 'DEQP005', 'E538', 'R570', 'B952', 'I361', 'N136', 'I601', 'G402', 'JQGD006', 'U820+0', 'KAFE900', 'C09DB01', 'LFPA001', 'ALQP005', 'LAQK001', 'ACQH002', 'S3270', 'I2118', 'QEFA004', 'Y848', 'R4810', 'R35', 'MAQK001', 'K521', 'N941', 'A11CC03', 'QZFA024', 'J331', 'H360', 'HNCJ001', 'LAQK003', 'J09', 'FCFA029', 'I501', 'DDAF010', 'N06AB06', 'R066', 'J982', 'EBQH002', 'NEEP002', 'N02AB03', 'Z538', 'JDLD002', 'MJJA003', 'C921', 'D638', 'BGQP002', 'I482', 'M4855', 'DZQJ009', 'Z421', 'ACFA007', 'R090', 'F1021', 'G8108', 'G401', 'T847', 'C09CA03', 'EQQF002', 'Z824', 'Z500', 'M0599', 'J07CA01', 'M150', 'I898', 'I429', 'C01DX08', 'FCFA021', 'LMMA017', 'R06AB02', 'QEFA017', 'JAQJ001', 'I832', 'F03+12', 'EQQP011', 'A01AD11', 'I351', 'K720', 'G934', 'M4726', 'EDCA005', 'D695', 'I252', 'O990', 'NEKA008', 'F1725', 'EQQP008', 'HNLE001', 'N813', 'ABCC001', 'EGFA003', 'N210', 'I631', 'F500', 'T407', 'JNQM001', 'M5430', 'GLLD003', 'Z357', 'M1120', 'S3200', 'T405', 'I051', 'M792', 'F001', 'AHLB009', 'MFQK001', 'H539', 'K508', 'J05AG03', 'A07AX03', 'E8750', 'Z902', 'HLFA020', 'K220', 'R18', 'Z359', 'U82100', 'F00200', 'S518', 'N939', 'R462', 'Z452', 'GEPA004', 'Z85804', 'G409', 'A10BF01', 'KCFA005', 'D692', 'I983', 'K515', 'Z999', 'N06BC01', 'R06AD01', 'A11HA03', 'C445', 'NZQK001', 'K353', 'E782', 'I490', 'T828', 'B349', 'L032', 'R064', 'G92', 'G708', 'T58', 'K402', 'M6255', 'P02CF01', 'G408', 'QEMA012', 'ZBQC002', 'MCQK001', 'J342', 'C414', 'M175', 'Q871', 'KCNL003', 'I678', 'K805', 'O993', 'HSLF001', 'H571', 'M161', 'HZHE002', 'L139', 'M0690', 'MEMC005', 'N03AE01', 'M4195', 'JVRP006', 'DAQM003', 'EQLA002', 'JNCA001', 'T432', 'O600', 'EDSF005', 'QBFA001', 'B05BB02', 'DZEA002', 'M313', 'AMQP012', 'J188', 'C797', 'T510', 'A6300', 'DGLF003', 'JGQX001', 'YYYY044', 'S271', 'JKFA031', 'GLQP006', 'J01XX01', 'B05BA03', 'R600', 'S8270', 'L219', 'NFKA002', 'C20', 'C437', 'Z8000', 'G440', 'S311', 'ZCQD001', 'S3210', 'S8231', 'S8240', 'L408', 'NDQK001', 'O820', 'GHQC001', 'B05BA10', 'N07XX02', 'QZEA020', 'R031', 'H540', 'S01AA26', 'R652', 'G832', 'F1040', 'G451', 'L022', 'F510', 'EEFA001', 'Z7580', 'O235', 'AHQP006', 'S810', 'S0230', 'NBGA006', 'Z980', 'CDQP012', 'LMMC002', 'Y099', 'M1901', 'R06AX27', 'EBQM002', 'G300', 'GFQL005', 'B965', 'C187', 'B169', 'A10BH02', 'A07EC01', 'S0630', 'YYYY300', 'Y579', 'G048', 'O034', 'N328', 'D02AC', 'ZZQX180', 'M6289', 'B199', 'BJQP005', 'LDQK004', 'Z9580', 'QZFA023', 'N04AA01', 'F28', 'N01BB20', 'G118', 'A11CC06', 'V03AE02', 'T857', 'R251', 'N131', 'FCQX004', 'EZQM002', 'A180', 'EEFA004', 'E6683', 'ELQH001', 'L04AA13', 'N12', 'I441', 'R03BA01', 'HHQE004', 'G478', 'F00202', 'J13', 'J384', 'KCQX005', 'J155', 'JMFA001', 'F01201', 'H02AB06', 'J150', 'E050', 'HJFD002', 'DGQM002', 'J9600', 'S017', 'ZZQX217', 'HESE002', 'M500', 'Z8509', 'C250', 'ZZHA001', 'Z740', 'O925', 'I269', 'Z5910', 'QZEA039', 'M1123', 'Z019', 'I710', 'J952', 'V03AF03', 'C07AA05', 'I472', 'N05BX03', 'LFQK002', 'K298', 'N02BA01', 'R01AD12', 'S061', 'EHNE002', 'AFHB002', 'Z519', 'I830', 'R008', 'HLQM002', 'JKFC003', 'C09BA05', 'Z968', 'G950', 'GFQL006', 'KGQL001', 'GAME001', 'T846', 'F059', 'N02BE51', 'K469', 'R508', 'O698', 'F331', 'J06BB01', 'I350', 'T830', 'EQQP009', 'E8768', 'K717', 'QEQX008', 'A879', 'NZQK002', 'EBSA011', 'JRQP001', 'J029', 'GEQE006', 'C08CA01', 'B05BB01', 'NFKA008', 'QZFA014', 'I652', 'F0670', 'S01EA05', 'I719', 'HMPE001', 'I7000', 'ZCQK004', 'J01AA08', 'F316', 'EQQH004', 'PAQK900', 'JLNL002', 'Y95', 'MGQK003', 'J01GB03', 'Z992+0', 'F120', 'G309', 'R456', 'AZQX005', 'Y420', 'ZZQX116', 'G219', 'R2638', 'ZCQM002', 'T8558', 'E271', 'C64', 'MDEP002', 'Y525', 'M4199', 'J05AG04', 'T797', 'HSLF003', 'EBQH004', 'H05AA02', 'Z749', 'D4440', 'Z358', 'ZZQX058', 'S4230', 'I400', 'YYYY232', 'GELE004', 'R33', 'F1724', 'Z093', 'NZQJ001', 'JKQE002', 'T402', 'D08AX07', 'G932', 'NCCB006', 'AJQP001', 'K703', 'JMCA002', 'HHQX006', 'D66', 'D801', 'L893', 'E559', 'G570', 'A04AD05', 'O365', 'R05CB01', 'A411', 'C01DA02', 'N03AX11', 'ADQP003', 'MFEA003', 'DGQM001', 'MDCA014', 'F232', 'QELH001', 'Z04880', 'S934', 'HSLF002', 'G930', 'C778', 'H250', 'J80', 'H258', 'JBQE001', 'G04CX02', 'N23', 'E1118', 'N990', 'Q070', 'Z993', 'JELA001', 'LHCA010', 'H71', 'A10BB09', 'G724', 'D350', 'K623', 'J04BA02', 'U909', 'B351', 'R4700', 'D012', 'M0730', 'W189', 'Z711', 'NFKA006', 'I481', 'C01EB17', 'D508', 'HLQX005', 'C189+8', 'DDMA020', 'K573', 'S202', 'NBCB002', 'HLFA019', 'EDLF017', 'G992', 'A490', 'M531', 'JCKE002', 'B54', 'ZZQH033', 'MCCA005', 'I447', 'JKFA022', 'NFJA001', 'A12BA05', 'M4850', 'ZZLP054', 'GLQP005', 'KAFA001', 'Z372', 'EDSF004', 'HGQX008', 'N02AA01', 'E41', 'GHQA001', 'F250', 'HDQE001', 'G473', 'BGQP007', 'F513', 'F309', 'Z489', 'ZZLB004', 'GLQD001', 'B03BB01', 'R650', 'F320', 'DEQP003', 'S500', 'ABJA005', 'I209', 'FCFA004', 'H200', 'J9609', 'C218', 'D841', 'N042', 'BDMA002', 'NKQP001', 'N07BB04', 'M1991', 'GAMA016', 'G551', 'J439', 'DDAF007', 'M8189', 'MGCA001', 'E274', 'X000', 'E561', 'R933', 'Q874', 'B028', 'A04AA01', 'ZZQX151', 'Z931', 'A10AD05', 'HAFA019', 'R030', 'G442', 'G822', 'H01BB02', 'J841', 'M316', 'HJFA004', 'M01AB01', 'L400', 'S368', 'ZZQX045', 'K501', 'Z422', 'J985', 'M0005', 'R688', 'HJFA006', 'I455', 'F070', 'Z952', 'ZZQX016', 'QZJA013', 'K831', 'AFLB007', 'R458', 'N03AX15', 'R413', 'GEQE008', 'YYYY150', 'R01AX06', 'B441', 'HJFA002', 'D120', 'Z420', 'G711', 'Z900', 'K768', 'MJMA002', 'EBFA003', 'E1140', 'DCFA001', 'JJFC008', 'C09BA04', 'S01AA16', 'D136', 'Z5188', 'S460', 'ACFA013', 'Y842', 'Z843', 'C822', 'N133', 'N03AX14', 'N979', 'N04BC08', 'F519', 'G824', 'F00111', 'HCFA008', 'K710', 'LAFA900', 'J05AB01', 'F00131', 'D572', 'E43', 'MFMP001', 'PCQM001', 'J958', 'M8005', 'LDPA001', 'JKFC002', 'S064', 'LBPA004', 'K560', 'I828', 'T455', 'JLDA002', 'H259', 'R040', 'C07AA12', 'E282', 'YYYY088', 'S5260', 'M179', 'JGQX004', 'K219', 'YYYY250', 'I330', 'S01XA20', 'Z990', 'N182', 'S272', 'F067', 'C19', 'B962', 'G407', 'GLQP007', 'E780', 'E877', 'DZQJ008', 'B178', 'D377', 'GLKP001', 'I258', 'M2157', 'N06AB08', 'Z854', 'K228', 'H163', 'QBJB001', 'S1270', 'Z944', 'I720', 'DZSA002', 'I479', 'ZCQH002', 'N040', 'M545', 'F1726', 'QZQX032', 'D62', 'M4145', 'E781', 'G08', 'N981', 'T887', 'N318', 'G471', 'G01AF05', 'LMMA008', 'D110', 'G8101', 'ZCJA004', 'A408', 'JDLD001', 'ECQH011', 'I608', 'CBPA003', 'N950', 'M0096', 'F10241', 'G470', 'ZZQX081', 'N06BX03', 'M318', 'NCCB004', 'M542', 'GGPA002', 'C07AG01', 'M1999', 'ZZQX107', 'F00101', 'NJPA014', 'L304', 'M808', 'NEQK035', 'PAGA010', 'N084', 'Z904', 'R161', 'FCFA010', 'ZCQJ006', 'C779', 'A12BA51', 'D691', 'D441', 'G112', 'R451', 'T827', 'NCCA005', 'A499', 'I120', 'I459', 'C343', 'I21400', 'E032', 'GCQE001', 'EBQH010', 'R12', 'N05AH01', 'B9681', 'J432', 'ZZQL013', 'K729', 'DEQA001', 'A084', 'K868', 'M7970', 'J851', 'D374', 'V08AA01', 'QEQX004', 'HBSD001', 'S01KA02', 'S2720', 'HBQK002', 'NZMP014', 'HGSA001', 'R54+0', 'JKPE002', 'B05XA03', 'J458', 'O622', 'K719', 'C241', 'C01BD01', 'M03BX01', 'Z9150', 'M8697', 'GLQP003', 'Z099', 'F328', 'C259+8', 'EHCF002', 'G834', 'JLCA008', 'ZZQK024', 'Z431', 'HGFA007', 'K316', 'JBQH002', 'NGJA001', 'QELJ001', 'I802', 'I359', 'I620', 'G460', 'Z433', 'R068', 'J42', 'DEQP004', 'I951', 'AAQP003', 'GLLP007', 'V03AC03', 'G111', 'HMQX005', 'M8705', 'AAQP009', 'W170', 'M2555', 'H01BA02', 'Z833', 'Z466', 'E079', 'S8210', 'I2190', 'YYYY270', 'QZEA031', 'F504', 'S01EE04', 'JKFC005', 'GLLD017', 'M064', 'R03CC12', 'G404', 'GLLD015', 'A12AA04', 'K830', 'F508', 'I822', 'J05AX09', 'AFLB010', 'R410', 'YYYY110', 'F330', 'GLLD006', 'QEQK005', 'NBCA005', 'R100', 'D132', 'H186', 'DDQH009', 'K123', 'J05AR06', 'F338', 'I119', 'JQLF003', 'L270', 'YYYY032', 'QBPA001', 'H900', 'J01XB01', 'E833', 'ZZQX069', 'JVJF004', 'I672', 'T783', 'F511', 'EDCA003', 'L97', 'A10AD04', 'C03CA02', 'S01AA12', 'M199', 'LAQK009', 'U83701', 'I060', 'O984', 'N394', 'DELA001', 'D693', 'N06DX01', 'MEEP002', 'Z321', 'S5200', 'ANMP001', 'R590', 'A10BB01', 'G521', 'T07', 'QEQK003', 'R103', 'J96100', 'C09DA07', 'Z653', 'C679', 'F03+02', 'AHPA028', 'B980', 'C09CA06', 'C09DA01', 'I7090', 'JKQX005', 'JHDA001', 'I64', 'DGKA003', 'M45+9', 'G03CA03', 'AGLB001', 'I2110', 'G552', 'O211', 'K701', 'S7200', 'M993', 'R53+0', 'EQMP001', 'S860', 'HELE002', 'EZQM001', 'ZZQL021', 'K566', 'NZMP003', 'C03AA03', 'O700', 'O230', 'N280', 'F410', 'Z658', 'K253', 'R478', 'L891', 'D34', 'Z6038', 'I059', 'MACA001', 'O995', 'DGQH004', 'JAQX004', 'M2556', 'A403', 'S800', 'FCBP002', 'N02AA05', 'Z515', 'EEAF001', 'AAKA001', 'E1130', 'F009', 'M349', 'N06AA04', 'E160', 'HFCC003', 'M04AA01', 'G64', 'K579', 'M05BA08', 'DEPF012', 'G403', 'E063', 'S730', 'LMMA010', 'EQQF003', 'PCLB003', 'R072', 'R619', 'G522', 'J04AK01', 'ZZQA002', 'PAMH001', 'D892', 'I743', 'J07X', 'Z853', 'R252', 'G252', 'I808', 'MFEP002', 'O603', 'R4028', 'F400', 'QZQM001', 'J02AC01', 'E890', 'EHNE001', 'J948', 'L04AD02', 'GLMF001', 'H903', 'HFMC008', 'J01DC02', 'GFQX006', 'Z978', 'F01302', 'DAQL010', 'N978', 'E831', 'F920', 'M797', 'F010', 'C541', 'I730', 'ZCQK005', 'K257', 'K766', 'D868', 'I494', 'K263', 'R03BA05', 'Z8741', 'T652', 'HPJB001', 'HGCA004', 'B374', 'EQRP002', 'N130', 'M512', 'R01AC03', 'I513', 'JEQD002', 'JQQM003', 'JRGA001', 'B03BA01', 'JAGF003', 'Z992', 'FCFC005', 'M060', 'K627', 'NBCA010', 'S01GX03', 'H546', 'EQQJ001', 'Q850', 'E788', 'G318', 'S6230', 'LDFA008', 'S910', 'N05BA06', 'A10BB12', 'NGMP002', 'B488', 'N201', 'K632', 'GGLB006', 'N840', 'Q273', 'JKFA018', 'H01CB02', 'A12CX', 'C03DA04', 'DKMD002', 'H02AB09', 'Z511', 'F200', 'G628', 'O268', 'F333', 'J01AA02', 'K851', 'E874', 'ZZHJ003', 'JFFC002', 'D434', 'H55', 'MJEC001', 'R261', 'GELD005', 'G820', 'Z991+8', 'S0200', 'K225', 'B954', 'Z763', 'JBQH001', 'J170', 'S273', 'F013', 'W014', 'V234', 'K222', 'K914', 'E8718', 'E6690', 'ZZJJ007', 'K261', 'O641', 'G825', 'AHQB025', 'R91', 'EDQH008', 'N811', 'EQGA001', 'M62890', 'I456', 'GLQF001', 'B01AC06', 'PBQM003', 'C712', 'T796', 'BDCA004', 'HMQJ002', 'Z302', 'EPLF002', 'C09AA02', 'M340', 'DDMA015', 'DDQH012', 'M5412', 'F068', 'Z6030', 'B9680', 'I484', 'J9611', 'Z953', 'X610', 'EDLF004', 'JDGE001', 'I861', 'C01DX12', 'L298', 'LHLH003', 'I820', 'AHQP011', 'ZZQX178', 'F019', 'K439', 'QZJA002', 'NFMA002', 'ZCQJ004', 'L52', 'J961+1', 'G301', 'A10BD07', 'EQRP008', 'M167', 'LHMH002', 'Z436', 'E873', 'N312', 'O800', 'F203', 'JDJE001', 'C02AB02', 'G431', 'HGCA002', 'E310', 'ZFQP002', 'NZQK006', 'GLQP015', 'MDQK001', 'ZCQA001', 'F329', 'G122', 'O321', 'B963', 'C770', 'N06AX16', 'F323', 'Z251', 'GLQP012', 'N948', 'N03AF02', 'R5210', 'E8760', 'M5450', 'BHMA002', 'LAFA022', 'JGNE171', 'EBQF005', 'C03EA04', 'C180', 'BBQP001', 'HHFA009', 'O730', 'Z632', 'J01XE01', 'N05BA09', 'YYYY076', 'H408', 'E283', 'G258', 'R03BB01', 'Z998', 'F1224', 'M7962', 'NJAA002', 'C07AA07', 'A04AD01', 'S361', 'FEPF003', 'M7967', 'QZHA001', 'I724', 'K900', 'M1099', 'NFQK004', 'C711', 'Z351', 'T861', 'Z8660', 'C492', 'D06BA01', 'T794', 'J320', 'N05AN01', 'C782', 'GLQP002', 'ZZQX181', 'S750', 'ZCQM004', 'G938', 'M5416', 'L01XX05', 'KDQX005', 'A06AD11', 'YYYY128', 'NGQK001', 'HFQX005', 'J05AR03', 'C259', 'PBQM004', 'G728', 'N06BA07', 'QZJA017', 'AAQP010', 'J690', 'Z', 'Z590', 'K850', 'LBCA006', 'QEMA004', 'YYYY600', 'E441', 'D334', 'Z951', 'QZMA007', 'K770', 'F058', 'I671', 'JHFA005', 'MCCA001', 'C833', 'S510', 'AHLH012', 'S099', 'A10AB06', 'DDQJ001', 'M100', 'C179', 'QZLA004', 'N04BC05', 'Z888', 'J129', 'JQGA003', 'G811', 'Z430', 'JFFA021', 'GGLC001', 'LLMC004', 'K740', 'R609', 'N05BB01', 'LMMA004', 'R03AC12', 'E6609', 'A10AB01', 'AAQP011', 'Z292', 'C220', 'N06AB10', 'HPNC001', 'QEFA008', 'LMMA012', 'C01DX16', 'F3311', 'LBFA002', 'ALQP006', 'H221', 'N05CD11', 'NGCA001', 'S661', 'Z5180', 'EAQM004', 'C09AA05', 'S519', 'T931', 'HPPC001', 'S411', 'D443', 'Z501', 'I152', 'M544', 'I664', 'C229', 'HCFA007', 'D122', 'C160', 'GEJE001', 'L405', 'NCPA015', 'D361', 'G713', 'D07AD01', 'B964', 'T820', 'F051', 'JFFC001', 'Z941', 'F6030', 'K20', 'ZZQP003', 'I069', 'Z608', 'M0699', 'I259', 'J01CR05', 'Z524', 'G553', 'R938', 'Z080', 'N05BA01', 'AELA002', 'E038', 'EDPF006', 'NFMC003', 'O731', 'JCGE001', 'F109', 'EEAF004', 'AMQP015', 'Z5962', 'Z8781', 'S9270', 'AJFC002', 'K509', 'Z873', 'Z94803', 'A11HA02', 'F00112', 'NFEC002', 'D486', 'JAQX006', 'PDQX005', 'M4826', 'R011', 'E6603', 'GFQL002', 'A11JB', 'ACHB001', 'Z4588', 'H02AB02', 'D529', 'M353', 'Y453', 'D513', 'I693', 'S819', 'HHQX011', 'Z030', 'I859', 'N06AB03', 'Z630', 'M159', 'C73', 'D849', 'FCFC001', 'CDQP002', 'E107', 'F04', 'D510', 'W191', 'L509', 'N733', 'M8150', 'HLFA009', 'K861', 'GEHD001', 'HJQE001', 'A03FA05', 'DBKA006', 'GGJC001', 'GEQX002', 'Z5131', 'N135', 'E1168', 'C819', 'A02BC02', 'MZQK003', 'GLLD013', 'D08AC52', 'NZHH002', 'G04CA02', 'J01FF01', 'T814', 'N05BA08', 'NCQK001', 'T810', 'C257', 'QZFA038', 'QZNP004', 'Z988', 'R060', 'K668', 'JQQM018', 'EQQP004', 'AHQP009', 'M751', 'N804', 'E755', 'N971', 'D520', 'PBQM002', 'K721', 'R2630', 'NBCA007', 'R278', 'I609', 'D729', 'Z950', 'G971', 'J123', 'F3200', 'M9933', 'Y524', 'C09AA03', 'A06AA01', 'KCQX004', 'EBQH006', 'J852', 'B232', 'N19', 'D509', 'J46', 'S8260', 'F063', 'J01DD02', 'K260', 'D06BX01', 'P01AB01', 'N05CD06', 'G472', 'Z509', 'J178', 'ZZQX127', 'CBFA003', 'O601', 'R945', 'T817', 'Z269', 'R4020', 'F050', 'J01CF04', 'JCLE002', 'H269', 'R700', 'M6280', 'NBMA002', 'M8199', 'D376', 'X600', 'F318', 'R55', 'E108', 'F418', 'K264', 'I616', 'F17202', 'N830', 'A400', 'C07AB05', 'K630', 'H330', 'DASF005', 'HHFA004', 'D250', 'LFKA001', 'R64', 'ZZQX163', 'I499', 'N181', 'I249', 'C920', 'J01CE02', 'QEQX005', 'HGPA004', 'HKQE001', 'G231', 'JCNM002', 'D685', 'D371', 'YYYY163', 'V99', 'Z8712', 'M04AA03', 'I458', 'D180', 'D689', 'F103', 'Z609', 'EASF010', 'Z5968', 'C435', 'O358', 'F332', 'I878', 'A12CC02', 'O219', 'N03AX09', 'J81', 'K420', 'JHEA010', 'D762', 'Z097', 'HMFC004', 'HLFA011', 'LFCA005', 'HJQX004', 'C829', 'S630', 'JKGE002', 'S818', 'Z352', 'MJDA001', 'K513', 'A11DA01', 'I742', 'J411', 'J329', 'C10AA07', 'O640', 'LLQP002', 'ZCQH001', 'R400', 'T447', 'EJQM004', 'T424', 'JDFE002', 'R440', 'D126+0', 'S4210', 'H401', 'EQLF001', 'Z468', 'NZQK005', 'O714', 'K259', 'S390', 'J9610', 'K858', 'C01BC04', 'F448', 'HPFC002', 'Z5912', 'Z539', 'F228', 'C349', 'I21000', 'Z370', 'M7966', 'ZZQX073', 'J039', 'HHSE002', 'N751', 'M8210', 'D500', 'T826', 'S4290', 'D571', 'EBLA003', 'YYYY405', 'M7965', 'C10AC01', 'K660', 'D352', 'ABJA002', 'PAGA009', 'I611', 'BFGA004', 'EDAF003', 'M4854', 'Z504', 'M1300', 'JAQX005', 'JVQP007', 'QAJA012', 'JNJD001', 'HEFA003', 'I071', 'B01AB05', 'U822+1', 'YYYY170', 'F209', 'I260', 'F515', 'MEMC003', 'D649', 'X999', 'FDQX007', 'N041', 'S019', 'R31', 'FCFA005', 'E1128', 'ZZQP001', 'ZZQX077', 'G819', 'S01EC04', 'EBFA016', 'C07AG02', 'R03AC03', 'F402', 'M109', 'ZCQN002', 'QEQM001', 'O031', 'F1002', 'H280', 'D561', 'F3230', 'EQLF003', 'GAMA007', 'D02AX', 'A03FA01', 'A01AB11', 'S400', 'O410', 'F02832', 'G04CB01', 'N736', 'L03AA02', 'LCJA003', 'JJFJ001', 'G500', 'LMMC020', 'HBGD043', 'QZJB002', 'Z911', 'Z715', 'Z038', 'Y434', 'HLHH001', 'DZQJ006', 'ZEMP004', 'N304', 'Z015', 'T841', 'L029', 'R06AX29', 'LHFA016', 'N02BE01', 'EBFA002', 'E858', 'N05AH02', 'C10AA04', 'S0261', 'AHLB001', 'S4220', 'D728', 'JHCA004', 'L04AA18', 'F640', 'Y442', 'ZZQX029', 'O300', 'E807', 'C446', 'Z507', 'N938', 'K800', 'GLQP016', 'D763', 'EDSF006', 'HZMP002', 'G912', 'Z308', 'JKFA020', 'K409', 'S8221', 'A10AB04', 'M4317', 'EEQH005', 'D891', 'N410', 'K352', 'S0690', 'G253', 'H532', 'J981', 'C713', 'K852', 'Z713', 'M2106', 'C859', 'R300', 'MBCA005', 'Z9588', 'D330', 'G609', 'R460', 'JAQM003', 'C186', 'D391', 'K833', 'GELD002', 'LAQK013', 'S012', 'FCQX010', 'M053', 'F112', 'C501', 'R195', 'O621', 'D619', 'R942', 'G049', 'C09CA07', 'F220', 'EAQM002', 'S01FA06', 'C775', 'T818', 'G474', 'ZDMP001', 'I451', 'BGLB001', 'S531', 'Z502', 'R632', 'N085', 'E059', 'NBQK001', 'F01100', 'JNBD002', 'C10AA03', 'MZQK002', 'LAFA014', 'HMLE003', 'J431', 'D686', 'JNQD001', 'JQQX109', 'LDCA011', 'E1188', 'K650', 'M609', 'HKPA005', 'JNMD002', 'ZBQK001', 'GELF001', 'H182', 'EDQH003', 'Z640', 'BAEA001', 'AHPA016', 'J100', 'HCHA002', 'A16AX02', 'Z910', 'DZQM002', 'C09CA01', 'O363', 'Z5961', 'X650', 'Z313', 'N05AA02', 'GLMP001', 'R4010', 'ZZQX139', 'LDFA011', 'N05AA01', 'Z508', 'A09AA02', 'B01AC22', 'LEMP001', 'ZZHH008', 'G629', 'I959', 'F00242', 'C182', 'J010', 'D134', 'Z76800', 'D890', 'YYYY200', 'AHPA009', 'I300', 'J05AB11', 'F450', 'GLLD019', 'L023', 'C08CA02', 'FCFC002', 'JELA002', 'AFLB008', 'Z880', 'R4018', 'F319', 'R578', 'ZZMP015', 'MEFC002', 'NBCA006', 'Z748', 'LMMA001', 'C02CA06', 'C08CA13', 'M485', 'I358', 'C792', 'J208', 'NEKA014', 'G823', 'C800', 'J96110', 'C09DA04', 'F609', 'N02BG06', 'Z300', 'I050', 'HPPC003', 'J04AM02', 'N029', 'M790', 'DZQM005', 'T009', 'M352', 'K088', 'F1000', 'J159', 'S619', 'B957', 'M02AA15', 'F0010', 'E052', 'ZCJA002', 'JKFA016', 'ZFQP003', 'I638', 'L04AC03', 'N841', 'R15', 'G528', 'HFCA003', 'A090', 'L120', 'G632', 'HQQE001', 'A414', 'EBGA001', 'Z363', 'K918', 'N07AA30', 'O021', 'C460', 'C03CA01', 'JLCA007', 'C56', 'FCQX008', 'R464', 'HGCC026', 'E248', 'JAFA009', 'N850', 'N835', 'Z8500', 'QAMA002', 'J380', 'C629', 'MBQK001', 'ACQN004', 'R651', 'S0240', 'CDLA003', 'M09AA72', 'JCPA002', 'M509', 'I958', 'D570', 'N179', 'PDFA001', 'HHFA014', 'F208', 'I728', 'N04AA12', 'JNJP001', 'I680', 'E221', 'Z115', 'M7910', 'O260', 'K861+8', 'DBMA008', 'M01AE02', 'M8955', 'I635', 'G839', 'C436', 'C09AA10', 'HHFA020', 'F4001', 'I519', 'B01AB10', 'M419', 'D24', 'EBQM003', 'F132', 'M0680', 'GFQX004', 'K635+8', 'NZHB002', 'ZZQL017', 'M791', 'C787', 'X800', 'I698', 'D381', 'Z659', 'E790', 'NBMA003', 'HZHE001', 'I891', 'R932', 'AAFA001', 'E54', 'N802', 'ZCJC001', 'QBFA005', 'M4004', 'D252', 'S711', 'NCCA018', 'C09BB02', 'Z864', 'Z966', 'AZRP001', 'S1200', 'Z881', 'K572', 'EASF011', 'E058', 'G308', 'O757', 'K37', 'H04AA01', 'F190', 'O351', 'QZQX005', 'M907', 'JJCC001', 'Z9158', 'LDCA013', 'C433', 'R659', 'DDPF002', 'C09BB04', 'M169', 'ZZQX200', 'AHQP008', 'E106', 'A10BX02', 'N300', 'Z088', 'T840', 'E8708', 'R048', 'R441', 'S7280', 'LHQH006', 'A06AG20', 'R091', 'G459', 'S7210', 'HHFA011', 'B03AA07', 'M8090', 'A02BC05', 'I348', 'M8099', 'Z932', 'ZBQH001', 'CAGD001', 'Z090', 'EZMA001', 'HHFE004', 'R482', 'G030', 'D124', 'Z922', 'E834', 'JQQP099', 'L890', 'T784', 'N151', 'PDFA002', 'ACFA002', 'N309', 'EEFA006', 'R471', 'G621', 'S0601', 'MDQK002', 'S302', 'S3280', 'I639', 'E1138', 'I422', 'HFCH001', 'JCKE001', 'A10BD08', 'J157', 'MEMC004', 'E222', 'NAQK049', 'X649', 'L01BC06', 'F313', 'MFCA001', 'JVJB001', 'HJFA017', 'O631', 'K071', 'LCQH001', 'LJFA002', 'ZZQM001', 'GLLD012', 'JEPE002', 'T782', 'K648', 'R03AC02', 'R34', 'M058', 'BZQK001', 'Y309', 'A419', 'M5457', 'S360', 'H931', 'C08DA01', 'B951', 'EQQP013', 'M2546', 'F17200', 'F29', 'HLNA007', 'R262', 'Y912', 'U82101', 'N03AF01', 'DZQJ010', 'ANQP004', 'K810', 'Z5970', 'G454', 'Z651', 'M350', 'R02', 'Z503', 'M201', 'Z391', 'L011', 'ABQP001', 'Z04801', 'I421', 'D01AC08', 'NJEA006', 'MCCA008', 'N10', 'AMQP013', 'M543', 'A402', 'A03AA05', 'S370', 'K801', 'C788', 'F069', 'J350', 'O366', 'I278', 'QCJA001', 'I871', 'LFAA001', 'A12AA03', 'S430', 'F170', 'J961+0', 'R093', 'HJDC001', 'Z121', 'L905', 'HHQE002', 'HGCA008', 'C831', 'FEHB001', 'E550', 'KCMA001', 'N04BA02', 'Z907', 'K294', 'QZMA004', 'E850', 'G911', 'BGPA002', 'N04BX02', 'L030', 'B368', 'G03FA14', 'HNQX006', 'R635', 'Z720', 'E039', 'GEQE009', 'K758', 'D010', 'D591', 'JKNL002', 'N05AX12', 'B950', 'T8138', 'K838', 'C342', 'F02302', 'R80', 'D333', 'HHFE006', 'H570', 'F072', 'AHQB026', 'A099', 'A047', 'E1120', 'F99', 'GLLP003', 'D721', 'J998', 'EQQP003', 'I431', 'J108', 'L01XE01', 'K137', 'EPLF004', 'C05AX03', 'A07AA02', 'R452', 'NDPA011', 'S3600', 'O991', 'I061', 'L538', 'N05BE01', 'N05BA11', 'D329', 'LBFA010', 'I150', 'T802', 'D467', 'J01MA02', 'Q780', 'S01FA01', 'D683', 'N06DA03', 'J438', 'YYYY140', 'R071', 'LAGA003', 'DZQJ011', 'I151', 'T792', 'Z8671', 'E880', 'LBPA013', 'F322', 'B02BA01', 'E8700', 'I110', 'M069', 'B961', 'Z86001', 'Z982', 'YYYY190', 'H03AA01', 'I131', 'JQGA004', 'BJQP002', 'J07BC01', 'E161', 'JDPE002', 'K297', 'T889', 'J984', 'M1007', 'MCCB004', 'S3230', 'AHQB013', 'K052', 'JPHB002', 'Z955', 'GFFA029', 'B01AB06', 'AHCA023', 'N801', 'Z901', 'S2240', 'S01EC01', 'FCFA011', 'K528', 'R06AE09', 'PAGA011', 'R11', 'GLLD004', 'N391', 'C61', 'LHCA002', 'H811', 'DEKA001', 'QZLB001', 'A06AC01', 'Y832', 'R748', 'M968', 'JJFC001', 'R568', 'Z751', 'G22', 'HHFA016', 'HFCB001', 'F1122', 'MJDC001', 'Z936', 'K550', 'A03CA02', 'Y911', 'F1721', 'S067', 'NAQK015', 'K920', 'O471', 'K658', 'E100', 'J449', 'M2557', 'ZZQL016', 'N311', 'Y600', 'Z560', 'S0620', 'F17241', 'K432', 'K610', 'Y450', 'Z031', 'FCFA022', 'K612', 'R4702', 'LFDA004', 'J181', 'Z208', 'ZZQX159', 'I471', 'AAFA002', 'K860', 'ZZHH006', 'R740', 'G618', 'N803', 'M331', 'S644', 'Z467', 'F419', 'ZZQL010', 'L04AA10', 'GLLD002', 'HGFA005', 'G952', 'R572', 'E65', 'O994', 'NZLH002', 'G931', 'J980', 'D473', 'ABJA003', 'HPFA004', 'YYYY020', 'JAFA008', 'ABCB001', 'I792', 'B24+0', 'N04AA02', 'S610', 'Z857', 'M726', 'J951', 'F02802', 'M541', 'M03CA01', 'NZQH001', 'F00201', 'MJCA001', 'A183', 'N288', 'F172', 'HPPA002', 'JDKD002', 'EEQH006', 'G039', 'Z3908', 'S8271', 'E854', 'GELD004', 'M0590', 'T68+8', 'E249', 'M8008', 'EFQM001', 'JAHH002', 'O343', 'I159', 'M329', 'O421', 'N07CA04', 'I342', 'GGJB001', 'ZZNL063', 'EQQP014', 'F03+01', 'D07AB08', 'N924', 'D569', 'J128', 'MDCA004', 'YYYY105', 'PAQK007', 'N05CF01', 'N07BC01', 'B01AC05', 'QEJA001', 'B03AD03', 'FCFA016', 'D518', 'L028', 'H541', 'Z451', 'C03DA01', 'ZZQX132', 'N03AX16', 'R799', 'NZHA001', 'S2700', 'D01AC03', 'HCQX004', 'N07CA01', 'W179', 'I495', 'F12240', 'C773', 'A10BH03', 'C10AB08', 'MJEC002', 'D862', 'S01AD09', 'ZCQM005', 'C09DA06', 'DZQN001', 'AHQP012', 'S801', 'PCCA002', 'K752', 'HFMC001', 'M818', 'C880', 'G990', 'A870', 'C01BC03', 'YYYY210', 'R13', 'O283', 'S602', 'NEQK010', 'D472', 'LHQJ002', 'NFQK002', 'P01AX06', 'HPQX005', 'HKPA004', 'EQLF004', 'I619', 'I726', 'H024', 'R06AX22', 'B01AC30', 'L899', 'C07AB07', 'G319', 'C252', 'N01BB02', 'N06AX21', 'I952', 'G060', 'A150', 'O720', 'Z834', 'J07AL02', 'H919', 'E1148', 'C443', 'N319', 'J849', 'Z865', 'DGAF005', 'E101', 'S1210', 'MEKA006', 'NZJB001', 'HGQE002', 'ACQJ001', 'HBGD038', 'N141', 'NAQK007', 'I349', 'G800', 'MAQK002', 'PAQX004', 'N459', 'HEQJ001', 'N06DX02', 'LHQK002', 'Z298', 'BELB001', 'N06DA04', 'I2128', 'O100', 'T435', 'C10BA02', 'C09CA04', 'F00901', 'Z753', 'YYYY025', 'G03DB06', 'K564', 'J459', 'FCFA017', 'LHQK005', 'S063', 'Y495', 'I200', 'QEFA020', 'R03AK07', 'I460', 'J930', 'E612', 'E8758', 'JHQM001', 'KDQM001', 'AMQP009', 'EHQH001', 'T189', 'E1150', 'Z743', 'Z4584', 'Z228', 'H409', 'J04AC01', 'DGKA015', 'QEMA006', 'A01AB03', 'O121', 'C794', 'R509', 'DDMA006', 'A07DA03', 'ZZMP017', 'O140', 'L020', 'HEQE002', 'C161', 'I201', 'R453', 'Y408', 'A07EC02', 'H534', 'S5250', 'C719', 'M2551', 'CBMA009', 'K562', 'J01DB01', 'N05AL05', 'E232', 'GLQP013', 'KDFA002', 'J00', 'C900', 'F252', 'JQED002', 'D611', 'F023', 'F01301', 'J01GB01', 'JQQM001', 'PAQL002', 'A12AX', 'HMQH008', 'M358', 'I629', 'R042', 'LDQK002', 'D126', 'G98', 'R411', 'B005', 'DGPF002', 'D65', 'NCCA004', 'NFQK003', 'C444', 'NFKA007', 'I694', 'R935', 'I7080', 'I409', 'Z714', 'L02BA01', 'G936', 'J9860', 'I800', 'F1025', 'R53+2', 'JQGA002', 'G463', 'F02811', 'JACH001', 'O470', 'F430', 'Z933', 'D291', 'F192', 'F9841', 'A03AX58', 'MCKA002', 'O630', 'N07BC02', 'JJFC010', 'I288', 'M359', 'F314', 'J04AK02', 'W199', 'I309', 'M4802', 'F101', 'G958', 'AHLH014', 'G249', 'FFFA001', 'S8250', 'ACFA010', 'S0680', 'R900', 'R730', 'E883', 'HLFA017', 'JHFA009', 'U82180', 'NFFA004', 'I850', 'C08CA05', 'E211', 'K120', 'MJFA015', 'R58', 'N184', 'HFLE001', 'C02CA01', 'J969', 'C884', 'ZZQL007', 'LAMA009', 'HMCA008', 'S2210', 'C184', 'M4806', 'S3220', 'O682', 'Z859', 'AHQB027', 'N03AA02', 'A07EA06', 'I340', 'A04AD12', 'G250', 'N809', 'GENE006', 'M315', 'R633', 'B258', 'C442', 'H350', 'NFFC002', 'GFFA017', 'MDCA011', 'JDFE001', 'C509', 'K571', 'C04AX21', 'S01BC01', 'G600', 'DDAF004', 'GEQE007', 'NZFA002', 'AFLB017', 'C05CA03', 'ZZQX123', 'E049', 'N974', 'J180', 'QBFA007', 'F00141', 'G935', 'NACA005', 'K047', 'M8088', 'ZCQM003', 'F00142', 'R190', 'I341', 'ZZQM005', 'NZQN001', 'L208', 'Z601', 'JKPE001', 'G712', 'DZQN002', 'R073', 'K635', 'ZZQX175', 'KCQM001', 'J05AH02', 'S3680', 'QEFA001', 'F431', 'DEQF002', 'G8100', 'HKPA006', 'GLRP004', 'J01MA01', 'I2100', 'I511', 'D07XC01', 'QEFA019', 'GELE005', 'Z006', 'I714', 'ZZHJ001', 'HBGD036', 'I469', 'NFJA002', 'M03BX05', 'W100', 'N06AX03', 'JKQE001', 'G04BD04', 'F1020', 'ZCQC001', 'J91', 'KCNL004', 'DELF005', 'K631', 'YYYY041', 'Y471', 'S009', 'JJQX004', 'QZMP004', 'G04BD09', 'ZZQM004', 'M5436', 'S617', 'A310', 'A10AC01', 'K552', 'JNJD002', 'N083', 'ZZML001', 'JCQE003', 'Y540', 'A11CC05', 'ALQP003', 'HHCC007', 'T888', 'I21100', 'T845', 'Z940', 'F408', 'EQQM001', 'EQQF006', 'O141', 'DEQP008', 'K449', 'EEQH002', 'S697', 'GEHE001', 'EECA001', 'F412', 'F03+00', 'S835', 'Z223', 'EBSF004', 'F509', 'NFFC004', 'C10AB05', 'QZJA011', 'ZZQX103', 'PCPA003', 'L853', 'I21200', 'ZZJH007', 'N970', 'JMCA003', 'F03+31', 'R53+1', 'I634', 'Z530', 'HMQJ001', 'M04AB01', 'Z94800', 'S0650', 'NZLB001', 'N433', 'R001', 'R17', 'N62', 'Z875', 'JJFA007', 'QZFA004', 'G441', 'X780', 'R943', 'E1190', 'M2117', 'H544', 'H905', 'R070', 'NDQK002', 'Z855', 'B182', 'A02BA03', 'EEPF002', 'M1396', 'D07AC01', 'J939', 'S062', 'B978', 'J04AM05', 'FEFF002', 'HGLE001', 'EJQM003', 'E840', 'NZFA010', 'E539', 'YYYY120', 'K912', 'E878', 'O261', 'EBQM001', 'ZZQN002', 'R21', 'N812', 'O992', 'M4140', 'R579', 'ABJA006', 'DBLF001', 'S01BC03', 'EANF002', 'S066', 'O864', 'B372', 'K811', 'T821', 'M8180', 'G020', 'L02BG03', 'ZZQX149', 'A02BC01', 'Z923', 'BEHB001', 'J01EE01', 'JVJF005', 'LHQJ001', 'C07AB12', 'W188', 'C211', 'HCFA009', 'N04BB01', 'ECSF006', 'AHQP004', 'S008', 'JANE005', 'JJFC006', 'O814', 'Y433', 'N832', 'DERP004', 'FCFC003', 'ZZQA003', 'D648', 'E041', 'C793', 'L988', 'M518', 'G821', 'J451', 'F439', 'D573', 'K778', 'I630', 'E6699', 'G04CA04', 'C07AB08', 'E162', 'Z930', 'T835', 'Z092', 'M04AC01', 'EBQH011', 'ZZML002', 'G464', 'N202', 'QZJA012', 'B019', 'K227', 'L500', 'DGQH006', 'NEFA004', 'F00932', 'ANQP006', 'JQGD009', 'M62800', 'QZQX004', 'EDQM001', 'K512', 'E752', 'NEKA003', 'N088', 'JMPA005', 'B023', 'N170', 'NZFA007', 'Z513', 'ZZQK002', 'JGFE023', 'GGNC001', 'K661', 'J04AB02', 'Z5960', 'NBPA014', 'JDQD003', 'F259', 'N05AA06', 'S01BA07', 'G04CB02', 'F1024', 'J07CA02', 'MJFA003', 'ZZMK024', 'N764', 'KCHJ001', 'EACA007', 'Z434', 'H01AA02', 'Z954', 'N02AX02', 'HHQX004', 'B49', 'Z432', 'AHLB013', 'PZMA004', 'K089', 'MGMP001', 'GEQE012', 'K318', 'H185', 'Z491', 'EZMH001', 'I319', 'JCPC001', 'I250', 'E8710', 'I890', 'NEKA018', 'E1160', 'F142', 'Z942', 'I770', 'J01FA02', 'I676', 'G560', 'HNFA007', 'Y836', 'JKFA005', 'K403', 'I722', 'BGQP003', 'DENF018', 'NEKA011', 'DEQP007', 'ABLB003', 'NBFA005', 'YYYY033', 'A418', 'K210', 'C10AA05', 'N05BA12', 'M9078', 'T812', 'HEFE003', 'H020', 'N61', 'K804', 'AZQP002']"
