test_size,randomsearch_scoring,randomsearch_n_iter,randomsearch_rs,n_min_events,estimator,featurizer,subtrain_size,splitting_rs,decay,colname_demographics,n_demographics,brier_score_loss,roc_auc_score,accuracy_score,average_precision_score,train_brier_score_loss,train_roc_auc_score,train_accuracy_score,train_average_precision_score,n_person_raw,n_event_raw,n_person_subtrain,n_person_test,n_features,n_codes,compute_time,pipeline_best_params,test_prevalence,train_prevalence,vocabulary
0.3,roc_auc,5,0,10,random_forests,SNDS Embeddings,0.2,0,"[0, 7]","['discharge_type_source_value', 'discharge_to_source_value', 'destination_source_value', 'admission_reason_source_value', 'gender_source_value', 'age_to_inclusion_event_start']",6,0.09547644111879006,0.9085339263910692,0.8865755127408328,0.9763563882298896,0.018671340124005956,1.0,0.9993794601303134,1.0,25215,1089576,3223,3218,306,4734,0 days 00:00:18.800278,"{'randomforestclassifier__n_estimators': 100, 'randomforestclassifier__min_samples_leaf': 2}",82.22498446239901,77.13310580204778,['N02BE01' 'B01AB05' 'Non Renseigné' ... 'B199' 'CBMA001' 'F00201']
