test_size,randomsearch_scoring,randomsearch_n_iter,randomsearch_rs,n_min_events,estimator,featurizer,subtrain_size,splitting_rs,decay,colname_demographics,n_demographics,brier_score_loss,roc_auc_score,accuracy_score,average_precision_score,train_brier_score_loss,train_roc_auc_score,train_accuracy_score,train_average_precision_score,n_person_raw,n_event_raw,n_person_subtrain,n_person_test,n_features,n_codes,compute_time,pipeline_best_params,test_prevalence,train_prevalence,vocabulary
0.3,roc_auc,5,0,10,ridge,SNDS Embeddings + SVD,1,3,"[0, 7]","['discharge_type_source_value', 'discharge_to_source_value', 'destination_source_value', 'admission_reason_source_value', 'gender_source_value', 'age_to_inclusion_event_start']",6,0.12034591602380919,0.8773099245699076,0.8696629213483146,0.937061619152552,0.12132083466886862,0.915935739621418,0.8814730878186969,0.9690970791771875,25215,1089576,17650,7565,306,4734,0 days 00:00:21.653810,{'logisticregression__C': 0.001},79.20687376074025,79.20113314447592,['N02BE01' 'B01AB05' 'Non Renseigné' ... 'B199' 'CBMA001' 'F00201']
