test_size,randomsearch_scoring,randomsearch_n_iter,randomsearch_rs,n_min_events,estimator,featurizer,subtrain_size,splitting_rs,decay,colname_demographics,n_demographics,brier_score_loss,roc_auc_score,accuracy_score,average_precision_score,train_brier_score_loss,train_roc_auc_score,train_accuracy_score,train_average_precision_score,n_person_raw,n_event_raw,n_person_subtrain,n_person_test,n_features,n_codes,compute_time,pipeline_best_params,test_prevalence,train_prevalence,vocabulary
0.3,roc_auc,5,0,10,random_forests,Cui2vec Embeddings,0.5000000000000001,0,"[0, 7]","['discharge_type_source_value', 'discharge_to_source_value', 'destination_source_value', 'admission_reason_source_value', 'gender_source_value', 'age_to_inclusion_event_start']",6,0.10002557032881866,0.9018890743946749,0.8643754130865829,0.968684848758786,0.020147789180135118,0.9984330159237744,0.9934277620396601,0.999556528729109,25215,1089576,8825,7565,1006,4734,0 days 00:01:05.313911,"{'randomforestclassifier__n_estimators': 100, 'randomforestclassifier__min_samples_leaf': 2}",79.47124917382683,79.02549575070822,['N02BE01' 'B01AB05' 'Non Renseigné' ... 'B199' 'CBMA001' 'F00201']
