test_size,randomsearch_scoring,randomsearch_n_iter,randomsearch_rs,n_min_events,estimator,featurizer,subtrain_size,splitting_rs,decay,colname_demographics,n_demographics,brier_score_loss,roc_auc_score,accuracy_score,average_precision_score,train_brier_score_loss,train_roc_auc_score,train_accuracy_score,train_average_precision_score,n_person_raw,n_event_raw,n_person_subtrain,n_person_test,n_features,n_codes,compute_time,pipeline_best_params,test_prevalence,train_prevalence,vocabulary
0.3,roc_auc,5,0,10,random_forests,Train Embeddings,0.1,2,"[0, 1]","['discharge_type_source_value', 'discharge_to_source_value', 'destination_source_value', 'admission_reason_source_value', 'gender_source_value', 'age_to_inclusion_event_start']",6,0.08339406332549866,0.9275044540462314,0.8905485789821547,0.9772545843812914,0.02169340343417736,0.9997368759574792,0.9909348441926346,0.9999301536737282,25215,1089576,1765,7565,66,4734,0 days 00:00:23.518171,"{'randomforestclassifier__n_estimators': 100, 'randomforestclassifier__min_samples_leaf': 2}",79.40515532055518,79.20679886685552,['N02BE01' 'B01AB05' 'Non Renseigné' ... 'B199' 'CBMA001' 'F00201']
