test_size,test_rs,randomsearch_scoring,randomsearch_n_iter,randomsearch_rs,n_min_events,colname_demographics,estimator,featurizer,subtrain_size,subtrain_rs,brier_score_loss,roc_auc_score,accuracy_score,train_brier_score_loss,train_roc_auc_score,train_accuracy_score,n_person_raw,n_event_raw,n_person_subtrain,n_person_test,test_sparsity,subtrain_sparsity,n_codes,compute_time,pipeline_best_params,test_reshopitalization_prevalence,subtrain_rehospitalization_prevalence,vocabulary
0.3,0,roc_auc,5,0,10,"['gender_source_value', 'age_to_inclusion_start']",random_forests,Count Encoding + SVD,0.25,2,0.09314179095365609,0.5167523051437585,0.8973036114085466,0.08163212302046953,0.8460224509404642,0.8980307076101469,34242,1103026,5992,10273,0.9980330398760991,0.9980315008677018,4923,0 days 00:01:17.318269,"{'randomforestclassifier__n_estimators': 200, 'randomforestclassifier__min_samples_leaf': 50}",0.10269638859145333,0.10196929238985314,['N02BE01' 'B01AB05' 'Non Renseigné' ... 'B966' 'O641' 'DEKA002']
